Instance	Generations	Swap	CX	ER	EER	OX	NWOX	UOBX	OX2	PPX	UPPX	PMX	UPMX	PBX
1	1	94	97	96	95	94	95	96	94	96	95	95	96	96
1	10	92	88	94	94	94	93	93	93	92	95	90	89	91
1	100	78	67	85	81	79	74	80	81	82	89	59	51	49
1	1000	12	4	47	40	40	9	20	43	26	45	9	2	0
1	10000	0	0	0	0	0	0	0	31	0	0	0	0	0
2	1	96	96	95	95	96	96	95	95	95	97	96	95	95
2	10	95	87	94	95	94	92	93	93	94	95	90	89	89
2	100	77	64	81	82	80	80	81	84	84	85	59	44	44
2	1000	10	4	45	43	37	14	22	29	28	50	0	0	0
2	10000	0	0	0	0	0	0	0	0	0	0	0	0	0
3	1	96	96	96	94	93	95	95	95	94	95	95	94	97
3	10	94	89	95	94	93	92	93	93	93	95	91	89	91
3	100	80	68	84	85	83	79	84	78	87	85	62	56	46
3	1000	10	5	36	34	40	17	19	33	37	42	2	2	2
3	10000	0	0	0	0	0	0	0	0	0	0	0	0	0
4	1	96	96	95	96	96	94	96	95	95	96	95	95	96
4	10	94	89	94	96	93	92	93	93	93	95	90	91	89
4	100	76	68	82	84	83	78	83	82	85	85	62	58	43
4	1000	10	8	33	32	47	15	55	19	37	40	2	2	2
4	10000	0	0	0	0	0	0	0	0	0	0	0	0	0
5	1	96	95	96	96	96	95	93	95	95	96	95	96	96
5	10	94	91	95	94	94	94	93	93	94	94	90	90	90
5	100	77	67	86	85	82	82	78	83	84	80	59	49	49
5	1000	14	7	35	35	47	20	24	25	28	25	0	2	3
5	10000	0	0	0	0	3	0	0	0	0	0	0	0	0
6	1	96	96	96	94	94	96	96	96	96	97	96	96	96
6	10	94	88	95	93	94	94	93	93	94	93	91	88	90
6	100	75	62	83	80	90	81	84	77	79	80	59	52	44
6	1000	12	4	55	30	36	17	27	20	24	38	4	2	0
6	10000	0	0	0	0	0	0	0	0	0	0	0	0	0
7	1	95	96	95	95	96	95	95	95	97	96	95	95	95
7	10	93	92	93	95	94	93	92	93	94	94	90	88	89
7	100	75	67	83	86	82	79	79	84	83	84	57	48	45
7	1000	10	7	41	37	43	20	29	31	24	28	0	0	4
7	10000	0	0	0	0	0	0	0	0	0	0	0	0	0
8	1	95	96	96	97	96	95	96	95	95	95	94	95	95
8	10	94	91	95	95	93	93	91	93	93	93	90	90	90
8	100	78	72	88	87	78	80	77	82	84	84	63	52	38
8	1000	11	10	47	49	40	31	37	22	19	38	4	0	0
8	10000	0	0	0	5	0	0	0	0	0	0	0	0	0
9	1	96	96	96	96	96	96	94	95	96	95	96	95	95
9	10	95	88	94	94	95	93	92	93	93	94	92	91	88
9	100	72	63	81	82	78	82	80	83	84	85	64	49	45
9	1000	8	5	46	39	34	16	17	34	25	35	3	2	0
9	10000	0	0	0	0	0	0	0	0	0	0	0	0	0
10	1	97	95	96	94	95	95	96	96	96	95	96	95	94
10	10	95	90	96	93	94	92	93	94	94	94	89	91	88
10	100	76	69	81	86	85	79	84	84	83	82	62	56	54
10	1000	15	4	34	38	43	17	28	49	16	46	2	2	6
10	10000	0	0	0	0	0	0	0	0	0	0	0	0	0
11	1	96	96	96	95	96	96	92	95	96	96	95	96	96
11	10	95	89	95	95	93	93	90	93	93	94	90	90	90
11	100	78	63	85	84	86	83	75	82	86	84	59	56	42
11	1000	10	5	34	35	32	13	42	51	24	41	2	2	2
11	10000	0	0	0	0	0	0	0	0	0	0	0	0	0
12	1	96	95	93	96	96	95	96	93	96	96	96	95	95
12	10	94	87	92	94	93	93	92	91	94	94	93	89	90
12	100	79	67	83	82	82	81	82	83	82	83	55	50	46
12	1000	11	7	47	28	41	18	22	46	21	40	2	0	0
12	10000	0	0	0	0	0	0	0	0	0	0	0	0	0
13	1	96	96	96	97	96	96	95	96	96	96	95	95	96
13	10	94	92	94	95	94	94	93	94	94	95	89	90	89
13	100	76	73	81	83	82	81	83	81	84	81	54	53	51
13	1000	10	10	40	31	42	12	32	29	24	34	2	0	4
13	10000	0	0	0	0	10	0	0	0	0	0	0	0	0
14	1	96	96	97	94	96	96	95	95	94	96	95	95	95
14	10	95	90	95	92	93	94	91	93	93	95	91	90	89
14	100	76	67	85	76	80	80	79	79	81	90	61	50	35
14	1000	14	7	38	54	47	22	21	21	33	39	3	2	0
14	10000	0	0	0	0	0	0	0	0	0	0	0	0	0
15	1	96	95	97	96	96	96	95	93	96	96	95	95	96
15	10	93	87	95	95	94	94	94	93	94	95	90	90	89
15	100	74	66	86	84	85	80	84	78	82	82	65	52	34
15	1000	8	8	58	29	45	17	23	31	31	32	2	2	0
15	10000	0	0	0	0	0	0	0	0	0	7	0	0	0
16	1	95	96	96	95	95	95	96	96	96	95	96	96	95
16	10	93	90	94	94	94	94	91	93	94	95	91	92	90
16	100	74	68	84	86	85	87	79	78	82	85	61	52	36
16	1000	12	4	55	50	26	19	21	29	63	27	6	2	0
16	10000	0	0	0	0	0	0	0	0	0	0	0	0	0
17	1	95	95	96	95	95	95	96	94	96	96	96	95	95
17	10	93	91	95	94	93	94	92	93	89	94	92	89	89
17	100	75	63	84	81	85	77	84	81	79	84	61	56	49
17	1000	7	3	52	29	33	13	51	29	20	48	6	0	4
17	10000	0	0	0	0	0	0	0	0	0	0	0	0	0
18	1	95	96	95	95	95	95	95	95	96	95	95	96	96
18	10	94	91	94	94	93	93	92	93	94	94	91	90	89
18	100	78	71	79	81	85	83	79	78	83	86	60	52	46
18	1000	12	6	26	35	36	20	26	32	25	30	3	3	0
18	10000	0	0	0	0	0	0	0	0	0	0	0	0	0
19	1	95	95	96	95	93	93	96	95	95	96	96	96	96
19	10	94	89	93	94	92	92	92	90	94	94	92	90	89
19	100	78	67	77	88	83	81	81	79	84	83	63	55	39
19	1000	17	4	33	35	44	21	28	18	47	46	0	0	2
19	10000	0	0	0	0	0	0	0	0	0	0	0	0	0
20	1	96	96	95	96	96	95	94	96	95	96	96	95	95
20	10	95	88	95	95	94	93	92	92	94	95	91	93	87
20	100	78	64	85	87	81	81	78	85	84	84	60	58	51
20	1000	11	4	51	34	32	18	21	38	21	26	0	2	2
20	10000	0	0	0	0	0	0	0	0	0	4	0	0	0
21	1	96	96	95	96	96	96	96	96	95	96	94	95	95
21	10	94	87	95	95	94	93	92	94	93	96	90	90	89
21	100	76	62	86	84	84	80	80	83	82	88	62	49	45
21	1000	9	4	34	24	23	21	20	45	29	40	2	5	2
21	10000	0	0	0	0	0	0	0	0	0	0	0	0	0
22	1	95	96	96	95	95	95	95	95	94	96	95	96	97
22	10	94	91	95	94	94	95	93	93	93	94	89	90	90
22	100	78	66	84	82	86	79	79	81	83	85	66	50	42
22	1000	12	5	49	34	43	17	41	40	32	45	2	0	0
22	10000	0	0	0	0	0	0	0	0	0	0	0	0	0
23	1	96	95	96	94	96	94	95	94	97	95	96	96	96
23	10	94	88	95	93	93	91	93	93	94	94	91	90	90
23	100	78	67	88	77	82	78	83	80	81	84	59	53	41
23	1000	7	4	41	40	49	17	26	42	34	37	4	0	0
23	10000	0	0	0	0	0	0	0	0	0	0	0	0	0
24	1	95	96	97	96	94	95	96	95	94	96	96	96	96
24	10	93	89	95	95	93	93	93	91	93	94	92	90	89
24	100	76	67	83	89	78	80	78	81	83	85	56	47	47
24	1000	11	5	42	42	34	15	20	41	43	41	4	0	2
24	10000	0	0	0	0	0	0	0	0	0	0	0	0	0
25	1	96	94	96	95	94	96	95	97	96	94	96	96	95
25	10	94	88	94	93	94	92	92	93	93	94	93	91	90
25	100	78	67	83	77	82	80	79	80	86	84	66	54	39
25	1000	15	8	35	47	64	17	14	68	30	28	4	0	0
25	10000	0	0	0	0	3	0	0	0	0	0	0	0	0
26	1	95	96	95	95	97	96	97	93	94	96	96	95	95
26	10	94	89	95	91	95	94	94	92	94	95	90	91	88
26	100	76	63	85	85	85	82	84	78	84	80	56	51	47
26	1000	12	7	46	34	47	18	28	30	26	36	2	0	0
26	10000	0	0	0	0	0	0	0	0	0	0	0	0	0
27	1	96	93	95	93	96	96	96	97	96	95	95	96	96
27	10	94	89	95	93	95	94	92	95	95	94	91	91	89
27	100	75	69	85	82	84	77	78	80	85	83	59	60	40
27	1000	12	5	35	58	37	19	38	20	28	38	3	0	0
27	10000	0	0	0	0	0	0	0	0	0	2	0	0	0
28	1	96	95	97	95	95	96	95	96	95	96	95	96	95
28	10	95	89	95	94	93	93	94	93	93	93	92	90	89
28	100	78	68	81	83	86	83	79	80	80	85	55	54	42
28	1000	10	7	23	31	44	20	14	20	21	45	0	0	0
28	10000	0	0	0	0	0	0	0	0	0	0	0	0	0
29	1	95	95	93	96	95	96	95	95	95	95	95	95	95
29	10	94	90	92	95	94	93	92	94	93	94	90	89	90
29	100	76	70	84	81	87	76	85	79	86	85	51	53	50
29	1000	9	5	39	41	57	14	22	41	43	35	2	0	2
29	10000	0	0	0	0	0	0	0	0	0	0	0	0	0
30	1	96	95	95	97	94	96	94	95	94	95	95	95	95
30	10	95	87	93	96	94	93	93	93	91	94	92	91	88
30	100	77	64	84	87	85	80	78	83	80	86	66	58	40
30	1000	14	4	44	39	34	17	26	43	27	43	3	0	0
30	10000	0	0	0	0	0	0	0	0	0	0	0	0	0
31	1	94	97	95	95	96	95	95	95	95	96	93	96	94
31	10	93	90	94	95	92	92	93	94	92	95	92	89	89
31	100	78	70	81	85	88	81	84	81	82	85	54	49	41
31	1000	10	7	28	53	51	12	40	66	35	45	4	2	2
31	10000	0	0	0	0	0	0	0	0	0	0	0	0	0
32	1	96	95	95	95	96	95	95	96	93	95	95	95	96
32	10	95	86	93	94	94	94	92	94	92	95	91	90	89
32	100	77	68	83	85	88	81	78	83	79	83	59	58	45
32	1000	11	8	38	52	37	21	15	21	33	41	4	0	0
32	10000	0	0	0	0	0	0	0	0	0	0	0	0	0
33	1	95	94	96	96	94	95	96	95	97	96	96	95	96
33	10	94	89	94	95	93	94	93	94	94	94	93	90	87
33	100	75	69	84	83	82	77	81	82	81	84	61	50	45
33	1000	9	2	40	32	37	12	18	17	31	40	4	0	2
33	10000	0	0	0	0	0	0	0	0	0	0	0	0	0
34	1	96	94	96	96	96	96	96	95	95	96	96	95	95
34	10	94	88	93	93	93	95	93	92	92	94	90	90	89
34	100	80	63	84	88	86	83	79	80	79	84	62	59	43
34	1000	17	2	33	48	34	15	30	21	25	34	4	0	0
34	10000	0	0	0	0	0	0	0	0	0	0	0	0	0
35	1	96	96	96	94	95	95	96	95	95	96	96	95	95
35	10	94	90	95	92	93	94	93	94	94	95	92	91	89
35	100	78	63	85	82	86	84	85	85	79	83	68	48	43
35	1000	9	5	31	34	37	20	13	23	22	34	4	0	0
35	10000	0	0	0	0	0	0	0	0	0	0	0	0	0
36	1	96	96	96	96	95	97	96	95	96	95	97	95	95
36	10	95	88	95	95	95	94	93	93	94	95	91	91	90
36	100	77	68	88	86	85	82	86	78	84	78	62	56	45
36	1000	12	2	25	53	33	27	24	37	30	44	2	0	0
36	10000	0	0	0	0	0	0	0	0	0	0	0	0	0
37	1	96	94	95	96	96	96	93	95	97	96	95	96	96
37	10	94	89	95	95	93	92	93	94	93	94	90	90	91
37	100	76	65	83	86	84	85	81	84	82	86	57	52	39
37	1000	12	5	46	44	44	22	40	44	47	41	0	0	0
37	10000	0	0	0	0	0	0	16	0	0	0	0	0	0
38	1	95	96	95	95	95	95	95	96	94	96	95	95	96
38	10	94	90	95	94	93	94	93	91	93	93	91	90	88
38	100	78	73	84	84	84	80	79	81	84	88	61	61	38
38	1000	13	5	34	45	41	13	25	33	38	44	2	0	2
38	10000	0	0	0	0	0	0	0	0	0	0	0	0	0
39	1	96	96	96	95	95	96	95	96	95	95	95	96	96
39	10	94	90	94	94	94	92	93	93	93	94	91	91	87
39	100	79	69	87	82	82	78	81	84	81	87	67	50	37
39	1000	11	6	59	41	35	23	16	30	22	42	2	2	2
39	10000	0	0	0	0	0	0	0	0	0	4	0	0	0
40	1	96	96	96	97	96	97	95	94	95	96	95	94	94
40	10	94	88	94	95	94	94	93	94	92	94	90	91	89
40	100	78	64	81	85	80	82	85	79	84	87	57	62	42
40	1000	11	5	41	37	35	16	41	35	32	37	4	2	0
40	10000	0	0	0	0	0	0	0	0	0	0	0	0	0
41	1	95	96	96	96	94	95	95	95	95	96	95	96	93
41	10	94	90	95	94	92	94	93	92	94	95	88	91	87
41	100	77	63	87	80	80	79	82	81	83	84	66	49	44
41	1000	8	5	45	46	32	14	40	44	31	59	8	0	2
41	10000	0	0	0	0	0	0	0	0	0	0	0	0	0
42	1	96	95	96	96	95	95	96	96	94	96	96	95	96
42	10	95	89	95	95	94	93	94	91	93	95	90	90	89
42	100	77	68	85	85	82	81	84	77	87	88	51	49	38
42	1000	13	7	42	44	28	13	46	14	36	47	2	0	2
42	10000	0	0	0	0	0	0	0	0	0	0	0	0	0
43	1	96	96	96	95	96	95	95	95	96	92	96	95	94
43	10	94	90	94	95	94	94	93	92	94	92	90	91	92
43	100	73	69	86	83	87	81	83	83	81	87	58	53	44
43	1000	10	2	35	46	37	12	30	33	29	44	5	2	0
43	10000	0	0	0	0	0	0	0	0	0	0	0	0	0
44	1	95	97	95	93	95	95	96	95	95	96	95	96	96
44	10	94	91	95	93	94	94	93	92	93	94	91	90	90
44	100	75	69	89	85	85	78	79	80	83	84	62	55	50
44	1000	9	7	49	39	41	19	29	26	49	42	0	4	0
44	10000	0	0	0	0	0	0	0	0	0	0	0	0	0
45	1	95	96	95	96	95	97	95	95	95	96	94	94	95
45	10	93	90	93	95	93	92	91	91	91	94	91	89	90
45	100	74	69	81	81	84	87	82	85	88	83	62	46	36
45	1000	9	6	43	35	46	20	17	24	28	39	2	0	0
45	10000	0	0	0	0	0	0	0	0	0	0	0	0	0
46	1	96	96	96	95	96	96	95	95	95	95	94	95	95
46	10	93	89	95	93	94	94	93	94	94	94	91	89	90
46	100	76	71	84	87	86	76	78	83	82	88	54	48	40
46	1000	11	4	27	52	45	17	25	26	30	45	2	2	0
46	10000	0	0	0	0	0	0	0	0	0	0	0	0	0
47	1	96	95	95	96	95	95	96	96	94	96	96	96	96
47	10	94	89	95	95	93	94	94	93	92	94	91	90	91
47	100	78	64	82	82	85	81	80	81	82	88	56	61	46
47	1000	7	2	37	45	43	11	26	33	25	39	2	2	2
47	10000	0	0	0	0	0	0	0	0	0	0	0	0	0
48	1	95	95	95	96	96	96	95	94	95	95	94	96	96
48	10	94	88	95	95	93	92	94	92	91	95	89	91	88
48	100	78	68	85	80	84	80	83	82	85	82	60	58	40
48	1000	11	4	45	41	34	9	28	30	27	31	3	2	0
48	10000	0	0	0	0	0	0	0	0	0	0	0	0	0
49	1	96	96	96	94	96	95	95	95	96	95	95	94	94
49	10	94	90	94	94	94	94	92	92	93	95	91	90	91
49	100	74	67	86	83	88	79	81	83	88	88	59	54	48
49	1000	15	5	61	47	46	15	21	23	33	46	3	0	2
49	10000	0	0	0	0	0	0	0	0	0	0	0	0	0
50	1	95	95	95	95	95	96	95	96	96	96	95	96	95
50	10	93	88	93	95	93	95	92	93	94	94	90	91	90
50	100	76	70	89	84	81	82	80	83	81	84	63	54	50
50	1000	9	7	34	47	49	16	17	18	24	28	2	0	4
50	10000	0	0	0	0	0	0	0	0	0	2	0	0	0
51	1	96	94	94	96	96	95	95	95	95	96	96	96	96
51	10	94	92	94	95	94	94	93	93	93	94	90	91	87
51	100	80	73	86	81	84	83	79	84	82	83	61	50	45
51	1000	16	9	51	48	56	24	21	25	34	50	2	0	3
51	10000	0	0	0	0	0	0	0	0	0	0	0	0	0
52	1	96	94	96	95	95	96	95	94	95	96	95	96	96
52	10	94	89	95	94	93	94	92	93	93	94	90	91	88
52	100	77	70	88	79	80	83	84	82	82	84	56	52	44
52	1000	9	12	26	23	34	17	20	27	25	54	0	0	0
52	10000	0	0	0	0	0	0	0	0	0	0	0	0	0
53	1	95	96	96	96	96	96	97	97	95	96	95	94	97
53	10	93	91	95	95	93	94	92	95	94	95	90	89	91
53	100	75	72	83	81	89	80	78	81	87	84	69	51	44
53	1000	7	5	48	37	46	22	34	45	27	45	8	2	2
53	10000	0	0	0	0	0	0	0	0	0	0	0	0	0
54	1	95	93	96	97	95	96	96	95	97	96	96	95	94
54	10	94	89	94	93	93	92	94	94	94	93	90	90	90
54	100	77	67	86	83	86	77	77	80	81	86	70	58	46
54	1000	11	4	47	39	45	13	29	28	27	33	4	0	0
54	10000	0	0	0	0	4	0	0	0	0	3	0	0	0
55	1	96	94	96	96	95	94	96	95	97	95	94	94	95
55	10	94	91	94	95	94	92	93	90	93	92	88	91	91
55	100	78	66	84	90	84	78	80	78	83	82	63	52	43
55	1000	13	7	24	49	49	20	42	29	30	42	5	4	0
55	10000	0	0	0	0	0	0	0	0	0	0	0	0	0
56	1	96	95	96	95	96	94	96	96	95	95	96	97	95
56	10	93	88	94	93	93	94	94	94	92	94	91	92	83
56	100	78	68	84	85	81	78	82	79	83	80	63	51	38
56	1000	9	6	35	49	35	18	27	19	39	37	2	0	0
56	10000	0	0	0	0	0	0	0	0	0	0	0	0	0
57	1	96	94	96	96	95	95	96	95	96	97	94	95	94
57	10	93	88	95	95	93	94	92	94	94	95	92	88	89
57	100	76	73	83	83	84	83	81	85	82	85	61	53	43
57	1000	11	7	52	52	39	19	25	29	43	36	4	0	4
57	10000	0	0	0	0	0	0	4	15	0	0	0	0	0
58	1	96	93	96	95	94	96	96	95	96	96	96	96	94
58	10	94	91	96	93	94	93	93	94	91	95	91	90	89
58	100	76	69	82	83	82	82	80	80	82	90	62	57	44
58	1000	11	11	44	46	48	16	18	31	33	43	2	2	0
58	10000	0	0	0	0	0	0	0	0	0	0	0	0	0
59	1	97	96	96	95	96	96	96	96	96	95	95	96	96
59	10	94	90	95	94	95	94	93	93	94	92	87	90	92
59	100	78	66	86	82	85	84	86	81	81	82	61	52	48
59	1000	12	6	53	27	35	18	31	20	29	33	2	2	0
59	10000	0	0	0	0	0	0	0	0	0	0	0	0	0
60	1	96	95	96	97	96	96	94	94	96	96	96	96	95
60	10	95	89	95	95	95	94	92	91	94	93	91	92	89
60	100	81	73	89	81	82	81	78	81	86	82	58	58	36
60	1000	8	4	31	27	32	16	22	44	31	55	0	0	0
60	10000	0	0	0	0	0	0	0	0	0	0	0	0	0
61	1	95	97	96	95	96	96	96	96	95	95	96	93	94
61	10	93	89	95	95	94	94	92	94	92	94	91	90	89
61	100	75	68	88	85	83	81	79	83	84	83	62	52	39
61	1000	14	7	33	35	33	12	33	26	38	49	2	0	0
61	10000	0	0	0	0	0	0	0	0	0	0	0	0	0
62	1	95	95	95	94	96	96	96	96	96	96	96	94	96
62	10	93	90	93	93	94	94	93	94	93	95	92	89	89
62	100	77	65	85	87	86	76	80	79	79	85	60	59	45
62	1000	13	7	53	51	41	21	26	24	23	34	4	0	0
62	10000	0	0	0	0	0	0	0	0	0	0	0	0	0
63	1	96	95	97	95	96	96	95	95	96	96	95	96	96
63	10	95	90	96	94	94	94	91	93	93	94	92	91	89
63	100	79	64	84	83	82	81	80	81	81	87	67	55	42
63	1000	12	4	42	31	35	15	12	28	35	37	0	3	2
63	10000	0	0	0	0	0	0	0	0	0	0	0	0	0
64	1	96	95	96	96	96	96	94	95	95	96	95	96	96
64	10	93	90	95	95	93	92	92	92	94	95	91	86	88
64	100	76	68	85	84	86	78	82	83	88	88	60	47	43
64	1000	9	6	42	41	40	13	40	20	39	40	4	0	0
64	10000	0	0	0	0	0	0	0	0	0	0	0	0	0
65	1	96	95	95	96	96	95	95	95	96	95	95	96	95
65	10	95	86	94	94	94	93	93	93	94	94	90	92	89
65	100	77	64	86	88	82	77	85	81	81	83	62	49	45
65	1000	12	6	30	47	49	18	29	40	37	56	4	0	2
65	10000	0	0	0	0	0	0	0	0	0	0	0	0	0
66	1	96	96	96	95	96	95	94	95	93	96	95	96	95
66	10	94	89	95	95	94	94	92	94	92	94	91	92	89
66	100	77	64	83	87	79	84	82	84	81	83	60	52	38
66	1000	13	3	30	40	29	17	22	31	26	37	3	0	2
66	10000	0	0	0	0	0	0	0	0	0	0	0	0	0
67	1	96	95	95	95	94	96	96	95	95	96	96	96	96
67	10	94	89	94	94	93	94	92	93	94	96	90	90	88
67	100	78	64	85	83	83	79	83	86	85	85	60	52	32
67	1000	12	8	38	37	30	16	28	23	28	35	2	4	0
67	10000	0	0	0	0	0	0	0	0	0	0	0	0	0
68	1	96	94	95	94	95	95	96	96	96	93	97	96	96
68	10	94	88	94	94	94	94	92	94	95	93	91	89	87
68	100	77	66	83	88	86	80	81	85	79	85	66	50	36
68	1000	9	7	29	39	39	27	33	31	25	33	2	0	0
68	10000	0	0	0	0	0	0	0	0	0	0	0	0	0
69	1	96	94	96	95	96	95	96	96	96	95	94	95	95
69	10	94	87	94	94	95	94	91	93	92	94	91	91	90
69	100	76	69	87	81	85	84	81	81	79	83	54	52	33
69	1000	8	4	27	35	45	16	30	25	20	35	3	0	0
69	10000	0	0	0	0	0	0	0	0	0	0	0	0	0
70	1	95	95	96	95	96	96	96	96	96	96	94	96	95
70	10	92	89	95	94	93	94	94	93	94	95	89	91	88
70	100	78	68	84	83	81	81	79	78	84	80	61	52	39
70	1000	12	9	29	35	31	15	53	26	30	33	2	2	0
70	10000	0	0	0	0	0	0	0	0	0	0	0	0	0
71	1	96	96	96	96	96	95	95	96	96	95	95	95	96
71	10	94	90	95	96	93	92	92	93	94	94	89	91	89
71	100	76	68	82	87	79	79	80	83	83	80	62	48	41
71	1000	13	11	45	31	48	15	17	38	24	47	4	2	2
71	10000	0	0	0	0	0	0	0	0	0	0	0	0	0
72	1	96	95	96	95	97	95	95	95	94	95	96	95	95
72	10	94	91	94	94	94	92	90	90	93	94	89	92	87
72	100	78	69	86	84	85	78	82	79	81	87	57	50	41
72	1000	12	5	42	36	57	20	14	21	25	43	2	0	0
72	10000	0	0	0	0	0	0	0	0	0	0	0	0	0
73	1	96	94	95	95	96	95	96	96	94	96	96	96	96
73	10	95	90	94	94	94	94	94	95	93	95	91	89	90
73	100	78	67	87	86	86	80	86	83	85	85	65	52	46
73	1000	10	10	37	43	39	14	29	72	29	36	2	0	0
73	10000	0	0	0	0	0	0	0	0	0	0	0	0	0
74	1	96	94	96	95	96	96	95	96	94	94	95	95	94
74	10	94	87	94	94	95	93	92	93	92	93	91	89	88
74	100	77	72	89	86	85	80	80	79	84	87	64	61	46
74	1000	7	8	59	44	55	17	22	23	27	33	6	0	4
74	10000	0	0	0	0	11	0	0	0	0	0	0	0	0
75	1	96	96	95	96	96	95	96	96	95	96	96	94	96
75	10	94	89	95	95	93	93	93	93	95	95	90	88	87
75	100	79	68	86	85	83	82	84	80	82	83	50	49	39
75	1000	15	6	40	40	52	19	26	24	22	34	2	0	0
75	10000	0	0	0	0	0	0	0	0	0	3	0	0	0
76	1	94	95	95	94	96	95	94	95	96	95	94	95	95
76	10	93	87	94	93	94	93	92	94	93	94	91	91	90
76	100	72	66	87	90	85	80	80	86	80	84	63	49	39
76	1000	10	9	49	51	34	15	25	23	29	37	3	0	3
76	10000	0	0	0	0	0	0	0	0	0	0	0	0	0
77	1	96	96	96	95	95	96	96	96	94	96	94	95	95
77	10	94	89	96	95	94	92	93	92	94	95	91	91	87
77	100	73	68	85	87	81	83	83	81	85	86	60	51	39
77	1000	9	11	41	41	34	18	29	31	28	58	4	2	0
77	10000	0	0	0	0	0	0	0	0	0	0	0	0	0
78	1	96	95	96	97	96	95	96	95	95	94	96	96	96
78	10	94	88	94	95	94	94	92	94	94	94	92	90	89
78	100	75	61	84	81	78	81	77	90	79	82	50	57	55
78	1000	16	5	29	24	26	15	47	42	22	59	2	0	2
78	10000	0	0	0	0	0	0	0	0	0	2	0	0	0
79	1	97	94	96	95	95	96	95	96	95	95	96	96	95
79	10	96	87	95	95	94	92	93	91	94	95	91	89	90
79	100	81	69	83	84	84	82	78	84	84	89	63	53	46
79	1000	17	10	37	44	54	13	29	26	23	42	4	0	0
79	10000	0	0	0	0	0	0	0	0	0	0	0	0	0
80	1	97	96	96	95	96	97	96	95	96	96	96	95	95
80	10	95	89	94	93	95	96	92	93	93	94	90	90	88
80	100	79	64	82	83	84	81	77	77	85	87	60	51	44
80	1000	18	3	44	44	44	13	30	28	21	49	6	0	0
80	10000	0	0	0	0	0	0	0	0	0	0	0	0	0
81	1	96	94	95	96	96	95	96	97	96	95	94	95	95
81	10	94	89	95	96	94	94	92	92	93	94	89	89	90
81	100	76	66	83	85	82	81	74	84	85	83	62	55	49
81	1000	11	9	38	37	37	13	22	65	27	38	0	2	0
81	10000	0	0	0	0	0	0	0	0	0	4	0	0	0
82	1	96	95	94	96	97	96	97	96	95	95	95	95	96
82	10	95	89	94	95	94	95	93	92	93	95	91	91	90
82	100	82	67	87	89	83	82	86	77	81	87	55	55	44
82	1000	16	4	53	35	28	22	27	49	31	37	0	2	0
82	10000	0	0	0	0	0	0	0	0	0	0	0	0	0
83	1	96	96	95	95	94	95	95	95	96	95	95	96	96
83	10	95	90	95	94	94	94	93	94	95	94	92	91	90
83	100	79	69	86	86	84	80	79	79	87	80	55	53	41
83	1000	17	9	37	50	46	14	18	37	23	33	2	2	0
83	10000	0	0	0	0	0	0	0	0	0	0	0	0	0
84	1	96	96	94	95	96	95	96	96	96	95	95	96	96
84	10	95	88	94	94	94	94	93	92	93	95	90	91	88
84	100	79	63	87	87	84	84	80	82	83	86	56	55	46
84	1000	12	7	41	38	39	23	24	41	17	30	4	0	0
84	10000	0	0	0	0	0	0	0	0	0	0	0	0	0
85	1	97	96	96	96	95	95	95	95	96	96	95	96	96
85	10	94	88	95	95	93	93	93	94	94	96	92	90	88
85	100	74	70	81	86	78	85	84	84	85	83	58	48	59
85	1000	9	9	44	50	38	25	30	74	32	38	5	0	0
85	10000	0	0	0	0	0	0	0	60	0	0	0	0	0
86	1	96	96	95	95	95	96	95	93	96	96	95	97	95
86	10	94	89	94	95	93	94	90	93	94	94	90	91	87
86	100	77	64	84	84	86	81	77	82	85	86	63	51	47
86	1000	14	6	48	30	63	18	33	28	42	41	3	2	0
86	10000	0	0	0	0	0	0	0	0	0	0	0	0	0
87	1	95	94	96	96	96	96	95	95	96	96	95	95	95
87	10	94	87	94	94	95	93	94	92	92	96	89	91	90
87	100	77	59	84	85	81	83	82	82	82	85	59	53	55
87	1000	9	7	46	27	38	14	45	35	27	38	2	2	4
87	10000	0	0	0	0	0	0	0	0	0	0	0	0	0
88	1	95	95	94	97	96	97	95	96	95	95	95	95	95
88	10	93	89	93	93	94	93	92	94	93	95	90	89	89
88	100	76	67	91	84	84	82	80	82	82	90	62	52	38
88	1000	7	3	41	46	31	20	16	32	35	37	6	0	0
88	10000	0	0	0	0	0	0	0	0	0	0	0	0	0
89	1	95	96	95	96	96	96	96	96	95	96	97	95	95
89	10	94	91	95	95	95	94	94	93	91	94	90	91	89
89	100	76	65	88	83	87	85	82	84	78	88	63	53	38
89	1000	8	10	36	39	49	13	17	23	32	53	0	2	2
89	10000	0	0	0	0	0	0	0	0	0	0	0	0	0
90	1	95	96	96	95	96	95	96	96	95	95	95	95	95
90	10	93	86	93	94	94	93	94	92	94	94	91	90	90
90	100	77	65	87	85	86	81	82	80	85	82	55	51	52
90	1000	13	6	42	41	26	21	24	38	31	44	0	0	2
90	10000	0	0	0	0	0	0	0	0	0	0	0	0	0
91	1	96	96	96	96	93	94	96	95	95	95	96	95	96
91	10	95	90	95	95	92	93	91	91	94	94	92	89	89
91	100	79	70	84	88	82	78	79	81	81	80	60	49	41
91	1000	11	8	37	52	48	20	15	18	24	27	2	2	0
91	10000	0	0	0	0	0	0	0	0	0	0	0	0	0
92	1	94	95	95	96	96	96	96	97	95	96	96	94	96
92	10	92	87	94	95	95	93	92	94	95	95	93	90	87
92	100	77	68	83	83	83	85	81	83	77	89	62	49	39
92	1000	9	4	48	44	42	19	52	45	21	46	2	2	0
92	10000	0	0	0	0	4	0	0	0	0	0	0	0	0
93	1	95	96	96	96	96	96	95	95	94	95	96	96	94
93	10	94	91	94	95	95	95	92	92	93	95	91	89	90
93	100	79	69	85	88	84	83	82	82	82	86	66	49	37
93	1000	11	6	41	39	41	20	23	31	28	33	4	0	0
93	10000	0	0	0	0	0	0	9	0	0	0	0	0	0
94	1	96	95	96	95	96	96	95	96	96	96	96	95	95
94	10	95	88	95	95	93	94	92	92	94	95	90	90	90
94	100	78	67	83	90	82	80	82	80	85	84	66	51	40
94	1000	15	4	49	39	38	17	44	39	41	37	2	4	0
94	10000	0	0	0	0	0	0	0	0	0	0	0	0	0
95	1	95	97	96	96	95	96	95	95	95	96	96	95	95
95	10	93	91	94	95	94	94	92	92	92	95	90	91	90
95	100	77	69	84	80	86	82	79	82	80	86	52	60	44
95	1000	11	10	36	41	42	15	40	16	23	51	3	2	0
95	10000	0	0	0	0	0	0	0	0	0	0	0	0	0
96	1	96	96	95	96	95	95	96	97	95	96	93	95	96
96	10	95	89	95	95	94	94	93	92	93	96	89	90	88
96	100	78	71	85	87	86	78	84	79	79	87	56	48	45
96	1000	13	10	27	53	50	17	26	33	29	51	2	2	4
96	10000	0	0	0	0	0	0	0	0	0	0	0	0	0
97	1	96	95	95	96	96	96	95	96	96	96	95	95	95
97	10	95	88	95	95	93	94	91	94	95	95	91	89	88
97	100	80	65	84	82	78	85	86	81	84	81	60	50	46
97	1000	11	2	47	51	48	21	42	57	27	28	4	2	0
97	10000	0	0	0	0	0	0	0	0	0	0	0	0	0
98	1	97	96	94	95	95	95	96	96	96	94	96	95	95
98	10	94	90	93	94	92	94	91	93	93	92	92	90	91
98	100	77	64	85	83	84	81	80	79	82	83	59	51	42
98	1000	12	7	30	26	35	10	26	16	23	35	0	0	0
98	10000	0	0	0	0	0	0	0	0	0	0	0	0	0
99	1	96	95	95	96	96	95	95	96	96	96	95	95	96
99	10	94	89	93	95	93	93	92	94	92	94	91	90	91
99	100	78	67	83	82	84	82	82	78	84	84	62	57	47
99	1000	14	6	30	36	38	17	20	22	29	34	4	0	2
99	10000	0	0	0	0	0	0	0	0	0	0	0	0	0
100	1	94	96	96	96	96	96	95	96	96	95	96	96	96
100	10	91	89	94	94	91	94	94	92	94	93	92	91	91
100	100	78	70	84	88	80	81	83	83	83	79	64	62	36
100	1000	13	10	34	34	43	25	29	28	20	45	2	2	0
100	10000	0	0	0	0	0	0	0	0	0	0	0	0	0
