Instance	Generations	Swap	CX	ER	EER	OX	NWOX	UOBX	OX2	PPX	UPPX	PMX	UPMX	PBX
1	1	2074	2102	2088	1908	1954	2121	1966	1952	2028	2085	2006	2005	1974
1	10	1846	1649	1914	1840	1726	1775	1458	1566	1716	1810	1668	1657	1646
1	100	903	743	994	1256	999	559	232	360	690	604	703	647	657
1	1000	86	51	145	262	152	14	1	0	14	55	28	14	25
1	10000	0	0	0	0	0	0	0	0	0	0	0	0	0
2	1	1865	1950	2017	2077	2028	2074	2026	2051	1925	2086	1854	2010	2080
2	10	1673	1523	1885	1988	1872	1655	1528	1618	1491	1803	1736	1648	1703
2	100	900	715	1233	1294	1165	550	317	227	669	796	679	576	706
2	1000	70	55	177	158	261	13	2	0	28	43	18	16	17
2	10000	0	0	0	0	0	0	0	0	0	0	0	0	0
3	1	2074	1978	1928	1971	2156	2034	2096	1925	2011	1938	1977	1911	2051
3	10	1915	1634	1903	1928	1875	1661	1558	1448	1540	1706	1705	1582	1631
3	100	818	672	1027	1205	1135	509	253	198	639	851	741	709	747
3	1000	105	47	274	196	218	11	0	0	16	71	34	16	25
3	10000	0	0	0	0	0	0	0	0	0	0	0	0	0
4	1	1976	2058	1981	1999	2140	2043	2038	1970	2162	1944	2005	1955	1964
4	10	1856	1611	1910	1935	1973	1662	1443	1494	1814	1754	1774	1592	1721
4	100	904	657	1190	1201	1090	527	240	170	645	877	670	588	747
4	1000	60	46	398	224	172	12	1	0	15	24	29	24	22
4	10000	0	0	0	0	0	0	0	0	0	0	0	0	0
5	1	2046	2043	2085	2059	2037	2065	1985	1992	2185	2026	2056	2099	2021
5	10	1885	1597	1856	1906	1747	1677	1413	1480	1702	1800	1680	1655	1654
5	100	936	657	1240	1165	1117	514	274	217	658	777	685	641	655
5	1000	57	44	214	237	236	15	2	0	19	47	23	18	21
5	10000	0	0	0	0	0	0	0	0	0	0	0	0	0
6	1	1962	1947	2015	2004	2063	2003	2062	2057	2000	2017	2021	1955	2011
6	10	1818	1487	1749	1928	1853	1699	1509	1490	1606	1601	1713	1702	1700
6	100	890	702	1120	1092	1124	473	374	257	566	596	670	571	804
6	1000	64	57	231	222	194	4	1	1	7	27	25	22	19
6	10000	0	0	0	0	0	0	0	0	0	0	0	0	0
7	1	1963	1981	2031	2077	1962	2056	2108	1986	2055	2033	1979	2040	2035
7	10	1835	1648	1924	1792	1723	1737	1520	1443	1730	1538	1711	1747	1533
7	100	900	697	1368	1176	1068	559	284	280	709	683	648	686	596
7	1000	74	58	183	208	236	7	3	0	22	13	32	31	21
7	10000	0	0	0	0	0	0	0	0	0	0	0	0	0
8	1	1979	1995	1900	2061	2068	2098	1991	1863	2022	2088	2066	2052	1978
8	10	1748	1572	1843	1993	1935	1741	1571	1552	1641	1776	1750	1736	1599
8	100	865	644	1038	1335	1138	531	225	227	576	629	724	604	594
8	1000	70	42	169	190	206	9	0	0	17	9	27	29	19
8	10000	0	0	0	0	0	0	0	0	0	0	0	0	0
9	1	2014	2001	1973	2119	2007	1981	2039	1799	2099	2097	1985	1977	1888
9	10	1812	1541	1792	2012	1835	1713	1487	1428	1713	1876	1625	1588	1626
9	100	910	726	1016	1092	1108	635	286	240	768	691	681	630	629
9	1000	71	48	234	370	164	9	2	4	13	57	24	16	30
9	10000	0	0	0	0	0	0	0	0	0	0	0	0	0
10	1	2061	1948	2117	2017	2143	1907	2166	2019	1994	2069	2014	1989	2043
10	10	1904	1591	1912	1782	1990	1716	1659	1566	1731	1655	1726	1591	1707
10	100	963	754	1194	1070	1167	573	395	318	696	651	572	731	665
10	1000	73	61	238	170	198	4	0	2	14	11	33	23	21
10	10000	0	0	0	0	0	0	0	0	0	0	0	0	0
11	1	2001	2034	2033	2133	2168	2026	2080	2032	2025	1994	2087	2101	2024
11	10	1789	1562	1970	1934	2030	1576	1539	1551	1635	1563	1759	1554	1558
11	100	1001	716	1088	1394	1175	454	207	218	537	543	671	525	770
11	1000	86	40	387	312	246	10	0	0	14	46	33	20	16
11	10000	0	0	0	0	0	0	0	0	0	0	0	0	0
12	1	2109	2028	2056	2002	2004	1985	2037	2088	1999	2128	2064	1912	2122
12	10	1975	1551	1931	1921	1860	1632	1577	1448	1728	1737	1576	1693	1681
12	100	946	606	1078	1169	1165	456	254	303	736	622	599	644	661
12	1000	79	49	162	122	193	10	1	0	18	33	27	14	25
12	10000	0	0	0	0	0	0	0	0	0	0	0	0	0
13	1	2171	1979	1924	2007	2061	2059	1983	2113	2051	2041	2032	2051	2015
13	10	1972	1405	1833	1929	1923	1821	1525	1589	1625	1522	1694	1588	1588
13	100	993	726	1159	1194	1005	607	198	244	546	552	663	666	654
13	1000	69	58	227	168	250	5	0	0	17	21	26	15	20
13	10000	0	0	0	0	0	0	0	0	0	0	0	0	0
14	1	2064	2124	2039	1924	1994	2015	2139	1967	1905	1873	1963	2069	2019
14	10	1839	1554	1985	1820	1885	1643	1578	1687	1633	1691	1701	1562	1604
14	100	839	647	1114	1228	1167	415	267	389	797	694	625	674	724
14	1000	87	45	114	210	180	11	1	0	23	26	30	15	15
14	10000	0	0	0	0	0	0	0	0	0	0	0	0	0
15	1	2095	2061	2037	2052	1989	2026	2003	1979	1923	1927	2053	2118	2005
15	10	1935	1572	1803	1873	1953	1610	1428	1555	1673	1603	1790	1695	1606
15	100	960	801	1301	1215	1187	568	228	314	629	565	663	806	709
15	1000	74	56	392	177	248	7	0	1	22	23	23	17	27
15	10000	0	0	0	0	0	0	0	0	0	0	0	0	0
16	1	2077	2091	1914	2080	2065	1977	2026	2040	2094	2017	2021	2020	2002
16	10	1810	1626	1913	1848	1860	1638	1425	1464	1608	1532	1687	1703	1638
16	100	947	784	1422	1169	1154	587	266	327	733	529	661	617	645
16	1000	88	37	135	162	310	5	3	1	23	29	27	24	24
16	10000	0	0	0	0	0	0	0	0	0	0	0	0	0
17	1	2140	2075	1872	2142	1928	1990	2116	2016	2097	2050	1980	1915	2071
17	10	1847	1570	1863	2012	1800	1579	1527	1538	1595	1836	1725	1703	1734
17	100	862	691	1152	1146	1139	476	204	231	528	717	650	637	780
17	1000	89	42	283	217	264	10	1	0	14	37	26	23	19
17	10000	0	0	0	0	0	0	0	0	0	0	0	0	0
18	1	2090	2033	2054	2054	2025	2035	1954	2071	1999	1973	1949	1951	1932
18	10	1861	1638	1966	1859	1640	1684	1516	1598	1658	1744	1747	1582	1595
18	100	853	767	1356	1176	1001	466	399	263	640	701	775	558	685
18	1000	63	47	126	161	222	5	0	0	9	19	22	18	24
18	10000	0	0	0	0	0	0	0	0	0	0	0	0	0
19	1	1916	2046	2044	2066	2113	2084	2022	2068	2127	1889	2076	2019	2093
19	10	1692	1619	1895	1966	1903	1702	1485	1562	1714	1720	1780	1775	1593
19	100	850	637	1153	1258	1132	503	279	252	679	798	788	724	633
19	1000	86	53	225	226	210	10	0	0	13	39	29	20	17
19	10000	0	0	0	0	0	0	0	0	0	0	0	0	0
20	1	1990	2060	1890	1935	2068	2020	2087	2077	2028	2115	2136	2104	1945
20	10	1877	1664	1756	1873	1826	1723	1622	1490	1794	1917	1826	1743	1562
20	100	912	694	1064	1115	1080	638	320	231	665	831	736	652	689
20	1000	70	57	113	145	176	10	0	1	14	42	22	22	17
20	10000	0	0	0	0	0	0	0	0	0	0	0	0	0
21	1	2024	2014	1942	1991	1949	2053	2051	2041	2081	2135	2035	2118	1875
21	10	1905	1536	1893	1966	1832	1551	1564	1488	1744	1706	1693	1670	1654
21	100	892	615	1260	1209	1100	454	367	283	843	671	670	654	751
21	1000	84	51	249	129	195	6	1	1	11	44	23	19	20
21	10000	0	0	0	0	0	0	0	0	0	0	0	0	0
22	1	1986	2089	1987	1983	2105	2120	2067	2024	2022	2014	2011	2028	2082
22	10	1835	1599	1821	1837	1891	1697	1553	1628	1688	1547	1790	1578	1473
22	100	916	847	1195	1166	1129	486	284	321	598	676	560	774	651
22	1000	76	47	145	150	269	9	2	2	16	29	23	21	26
22	10000	0	0	0	0	0	0	0	0	0	0	0	0	0
23	1	2088	2076	2009	1905	2111	1956	1962	1944	2064	2019	1901	1999	2067
23	10	1903	1688	1944	1713	1775	1670	1500	1512	1734	1703	1599	1521	1732
23	100	974	770	1203	1207	1099	641	166	200	546	543	668	503	795
23	1000	75	55	150	213	228	10	1	0	13	8	27	16	14
23	10000	0	0	0	0	0	0	0	0	0	0	0	0	0
24	1	2127	2007	2033	2042	2047	1961	1988	1993	1966	2086	2007	1966	2047
24	10	1911	1575	1917	1963	1749	1641	1593	1548	1494	1691	1797	1626	1576
24	100	864	779	964	1057	1094	505	174	273	673	548	690	532	670
24	1000	83	53	221	283	181	9	0	0	20	14	22	18	13
24	10000	0	0	0	0	0	0	0	0	0	0	0	0	0
25	1	2049	1964	2082	2013	1959	1809	2047	2021	1985	2065	2050	1990	1920
25	10	1875	1604	1948	1825	1902	1687	1538	1499	1606	1699	1846	1638	1524
25	100	939	724	1254	1173	1210	538	298	216	581	732	642	622	606
25	1000	68	64	116	345	292	7	1	0	13	31	32	25	27
25	10000	0	0	0	0	0	0	0	0	0	0	0	0	0
26	1	2125	2110	2012	2113	2059	1909	2023	1990	2039	2068	1914	2001	1948
26	10	1940	1674	1944	1829	1906	1461	1607	1506	1575	1506	1783	1675	1743
26	100	967	816	1173	1365	1049	351	202	276	555	544	740	749	609
26	1000	72	56	185	127	155	5	0	0	8	14	24	19	18
26	10000	0	0	0	0	0	0	0	0	0	0	0	0	0
27	1	2206	2056	1976	2090	1993	1891	2082	2027	2071	2067	2136	2044	2054
27	10	1904	1578	1919	1891	1836	1629	1452	1415	1567	1803	1818	1727	1728
27	100	895	636	1114	1120	1053	519	243	282	496	750	693	728	670
27	1000	73	44	142	247	183	5	0	2	17	58	26	28	20
27	10000	0	0	0	0	0	0	0	0	0	0	0	0	0
28	1	2114	2099	1778	1890	2071	2043	2048	2065	2023	2058	2040	1906	2038
28	10	1921	1536	1704	1853	1867	1667	1566	1562	1767	1726	1720	1507	1672
28	100	938	733	1214	1012	1151	553	224	234	728	679	708	681	602
28	1000	64	43	160	107	242	10	0	0	23	23	24	30	29
28	10000	0	0	0	0	0	0	0	0	0	0	0	0	0
29	1	2042	1992	2156	2017	1949	1852	2035	2019	2089	2079	1939	2056	2091
29	10	1813	1622	1913	1877	1900	1553	1630	1501	1551	1677	1719	1624	1665
29	100	858	685	1385	957	1141	500	395	319	686	568	771	578	757
29	1000	65	37	278	223	213	9	2	1	10	30	25	30	20
29	10000	0	0	0	0	0	0	0	0	0	0	0	0	0
30	1	2072	2018	1950	1910	2015	1968	2062	2009	1926	2059	2005	1938	1908
30	10	1848	1520	1866	1910	1901	1703	1500	1506	1471	1795	1705	1734	1519
30	100	895	692	1264	1256	1114	473	239	206	650	601	750	1053	577
30	1000	77	49	185	276	224	10	3	2	14	34	30	23	17
30	10000	0	0	0	0	0	0	0	0	0	0	0	0	0
31	1	2069	1892	2007	1840	2107	2075	2026	2006	1962	2055	1985	2020	1889
31	10	1820	1594	1930	1788	1936	1710	1422	1543	1644	1510	1692	1715	1642
31	100	941	828	1064	1112	1249	474	245	234	553	582	769	618	697
31	1000	69	54	138	131	223	3	0	0	14	15	21	14	27
31	10000	0	0	0	0	0	0	0	0	0	0	0	0	0
32	1	2051	1964	2025	2082	1873	1932	2057	1963	2051	2087	2063	2035	2083
32	10	1946	1587	1860	1697	1763	1674	1559	1405	1639	1611	1817	1794	1608
32	100	915	688	1158	1190	1120	587	421	214	725	633	669	720	650
32	1000	91	33	140	144	226	9	0	0	18	44	26	20	22
32	10000	0	0	0	0	0	0	0	0	0	0	0	0	0
33	1	2074	2056	2093	2064	2069	1985	2046	1905	1924	1993	2083	2125	2118
33	10	1904	1601	1909	1994	1923	1539	1517	1495	1552	1515	1818	1655	1691
33	100	986	727	1118	1337	1199	544	230	229	569	552	718	594	596
33	1000	79	59	264	200	258	10	0	0	17	31	22	22	19
33	10000	0	0	0	0	0	0	0	0	0	0	0	0	0
34	1	2042	2132	2074	2016	1997	2037	2011	2046	1896	1966	2075	2000	2088
34	10	1832	1618	2046	1903	1877	1670	1486	1545	1584	1702	1713	1736	1635
34	100	896	656	1701	1054	1161	498	222	409	677	631	621	676	634
34	1000	63	37	266	132	172	13	0	2	14	36	27	18	25
34	10000	0	0	0	0	0	0	0	0	0	0	0	0	0
35	1	1977	2014	2105	2056	2063	1880	1927	2062	1929	2070	2020	1959	2069
35	10	1746	1629	1801	1883	1775	1480	1575	1513	1659	1600	1790	1585	1615
35	100	969	659	1003	1073	1194	562	236	325	646	605	605	747	671
35	1000	141	43	199	245	214	12	0	1	16	36	28	18	33
35	10000	0	0	0	0	0	0	0	0	0	0	0	0	0
36	1	1986	1962	2005	2009	2013	2032	1989	2060	1934	2088	1966	2034	2014
36	10	1872	1586	1820	1910	1897	1577	1387	1499	1668	1828	1813	1721	1518
36	100	965	696	1166	1105	1083	514	310	235	699	674	685	692	616
36	1000	85	42	125	172	178	8	1	0	12	74	21	25	23
36	10000	0	0	0	0	0	0	0	0	0	0	0	0	0
37	1	2100	2038	2048	1982	2055	1988	1991	1933	2046	1873	2028	1902	1989
37	10	1930	1560	1907	1851	1888	1706	1501	1438	1518	1604	1746	1494	1774
37	100	915	771	1183	1137	1105	520	309	243	582	572	635	667	622
37	1000	60	54	229	310	246	21	0	0	26	11	22	28	35
37	10000	0	0	0	0	0	0	0	0	0	0	0	0	0
38	1	2095	1986	2015	2036	2086	2069	2060	2084	1972	1995	1966	1970	1975
38	10	1933	1629	1881	1909	1929	1737	1563	1461	1579	1436	1788	1606	1665
38	100	973	742	1088	1156	1120	626	291	415	671	592	754	568	729
38	1000	76	43	184	325	190	9	0	0	23	24	24	19	21
38	10000	0	0	0	0	0	0	0	0	0	0	0	0	0
39	1	2032	2102	2100	2091	2029	2085	2058	2088	2068	1995	1927	1945	2057
39	10	1867	1568	1930	1912	1798	1729	1475	1552	1678	1693	1734	1681	1687
39	100	860	695	1255	1504	1240	569	159	246	659	796	572	560	622
39	1000	78	54	210	139	285	6	0	2	13	32	21	21	29
39	10000	0	0	0	0	0	0	0	0	0	0	0	0	0
40	1	1986	1933	2085	1905	2043	2053	2112	1992	2057	2008	2063	1992	2023
40	10	1787	1562	2003	1803	1798	1706	1448	1497	1786	1806	1747	1745	1696
40	100	876	753	1206	1249	1227	451	239	289	748	739	652	598	543
40	1000	74	46	425	170	235	5	1	3	18	41	24	21	20
40	10000	0	0	0	0	0	0	0	0	0	0	0	0	0
41	1	1957	2074	2032	1965	1940	1999	2064	1873	1976	2029	2142	1930	1934
41	10	1723	1495	1863	1875	1764	1557	1452	1516	1591	1595	1858	1682	1623
41	100	894	632	1153	1115	1149	501	176	241	699	797	627	590	671
41	1000	75	42	133	207	152	12	0	1	14	25	20	16	23
41	10000	0	0	0	0	0	0	0	0	0	0	0	0	0
42	1	2117	2001	2052	2114	2020	1990	2028	2145	2095	1979	2128	1948	2057
42	10	1886	1640	1945	1958	1910	1689	1487	1607	1739	1673	1740	1651	1608
42	100	842	738	1137	1221	1129	532	320	226	656	578	683	640	696
42	1000	85	52	137	302	215	6	0	0	23	32	29	24	19
42	10000	0	0	0	0	0	0	0	0	0	0	0	0	0
43	1	1989	2171	2059	1996	2056	2063	2076	2069	2026	1999	2002	1989	2054
43	10	1810	1616	1688	1881	1805	1775	1460	1488	1808	1618	1620	1690	1572
43	100	775	650	1360	1140	1146	483	245	267	672	686	706	604	630
43	1000	58	38	144	157	207	6	0	0	20	39	29	19	22
43	10000	0	0	0	0	0	0	0	0	0	0	0	0	0
44	1	2052	2006	2016	1917	2054	2034	1959	1999	2001	2130	2066	1934	2105
44	10	1880	1662	1904	1872	1856	1782	1566	1361	1616	1778	1708	1699	1735
44	100	930	729	1159	1079	1189	518	288	198	709	618	649	626	635
44	1000	71	54	137	197	169	10	2	4	15	26	33	22	21
44	10000	0	0	0	0	0	0	0	0	0	0	0	0	0
45	1	2053	1954	1963	1945	2038	2018	1939	1862	1971	1971	2030	2116	2044
45	10	1843	1452	1901	1752	1926	1668	1436	1553	1538	1660	1747	1740	1633
45	100	808	813	1216	967	1058	542	195	198	641	676	617	620	716
45	1000	88	46	216	232	257	14	2	0	12	25	25	23	21
45	10000	0	0	0	0	0	0	0	0	0	0	0	0	0
46	1	2191	1914	2071	2028	2022	1930	1850	2031	2153	1974	2076	2028	1945
46	10	1980	1449	1763	1931	1844	1579	1594	1555	1691	1554	1695	1627	1699
46	100	978	739	1135	1094	1218	400	305	247	529	619	708	687	649
46	1000	73	51	219	164	183	10	1	0	20	36	24	22	20
46	10000	0	0	0	0	0	0	0	0	0	0	0	0	0
47	1	2173	1995	2006	2017	1888	2034	2018	1977	1893	2015	1997	1935	2114
47	10	1986	1647	1946	1944	1848	1706	1445	1401	1625	1590	1675	1650	1587
47	100	963	741	1066	1086	1159	475	411	278	706	756	650	554	615
47	1000	72	52	166	265	338	1	3	2	22	52	24	19	14
47	10000	0	0	0	0	0	0	0	0	0	0	0	0	0
48	1	2010	2026	2090	2026	1995	1913	1939	1985	2059	2113	2066	2067	1957
48	10	1862	1651	1957	1878	1864	1638	1595	1490	1671	1649	1654	1687	1595
48	100	909	763	1200	1132	1076	525	261	211	790	610	749	730	595
48	1000	86	44	264	168	187	9	0	0	15	13	16	16	18
48	10000	0	0	0	0	0	0	0	0	0	0	0	0	0
49	1	2034	1950	2145	1992	2001	2104	2000	1972	2046	2085	2072	1982	2041
49	10	1880	1550	1891	1900	1889	1742	1397	1286	1722	1811	1775	1495	1605
49	100	848	686	1588	1173	1080	537	169	165	675	739	588	674	606
49	1000	79	52	261	170	206	7	0	1	16	65	17	18	22
49	10000	0	0	0	0	0	0	0	0	0	0	0	0	0
50	1	2083	2039	2094	1974	1978	2117	2027	2008	1903	2099	2087	2013	1979
50	10	1895	1619	2003	1922	1868	1705	1410	1556	1664	1625	1858	1628	1672
50	100	829	812	1313	1228	1057	543	334	293	695	569	643	645	623
50	1000	85	59	198	148	242	7	0	0	21	12	31	17	23
50	10000	0	0	0	0	0	0	0	0	0	0	0	0	0
51	1	2129	2062	2147	2016	2046	2103	1937	2055	1942	2169	1908	2123	2081
51	10	1953	1571	1958	1787	1915	1592	1422	1552	1596	1790	1708	1676	1627
51	100	886	780	1099	1164	1065	545	217	378	572	635	705	607	613
51	1000	56	40	216	223	170	7	0	1	18	32	22	26	17
51	10000	0	0	0	0	0	0	0	0	0	0	0	0	0
52	1	2052	2040	2098	2055	2085	2094	1955	1984	2005	2027	2036	2048	1948
52	10	1853	1465	1981	1727	1784	1676	1583	1401	1603	1659	1793	1643	1655
52	100	879	620	1240	1181	1123	509	343	303	554	731	707	716	704
52	1000	92	36	230	155	267	7	2	2	24	26	29	16	16
52	10000	0	0	0	0	0	0	0	0	0	0	0	0	0
53	1	1979	1908	1966	2035	2020	2160	2064	2003	2066	2070	2095	1967	1890
53	10	1672	1508	1815	1932	1942	1692	1502	1408	1601	1575	1795	1702	1639
53	100	860	713	1028	1189	1229	536	210	177	717	662	719	699	619
53	1000	67	49	214	349	125	7	1	0	12	52	26	11	20
53	10000	0	0	0	0	0	0	0	0	0	0	0	0	0
54	1	2033	1998	2040	2054	1967	1971	2076	2078	1917	2048	2061	1950	1999
54	10	1893	1604	1815	1881	1836	1670	1441	1486	1687	1561	1719	1725	1645
54	100	941	726	1219	1361	1120	470	243	394	590	672	728	645	597
54	1000	77	59	251	130	181	12	0	1	7	43	32	25	21
54	10000	0	0	0	0	0	0	0	0	0	0	0	0	0
55	1	2104	2094	2106	2053	1982	1904	1948	1984	2049	1917	2129	1997	2018
55	10	1781	1609	1942	1850	1875	1657	1457	1499	1622	1466	1710	1717	1674
55	100	898	755	1190	1186	1131	522	311	258	661	664	731	638	567
55	1000	63	34	223	164	189	7	0	0	24	42	27	18	22
55	10000	0	0	0	0	0	0	0	0	0	0	0	0	0
56	1	2147	2012	2117	2083	2059	2028	1911	1969	1874	2065	1952	2010	2046
56	10	1978	1585	1881	1924	1762	1494	1577	1503	1591	1792	1741	1646	1653
56	100	911	728	1063	1137	1068	547	277	250	581	776	597	707	662
56	1000	64	36	224	174	241	6	0	0	13	27	29	22	17
56	10000	0	0	0	0	0	0	0	0	0	0	0	0	0
57	1	2054	2082	2038	2130	1874	2040	1892	1972	1980	1811	2049	1867	2070
57	10	1848	1575	1886	1965	1814	1637	1525	1477	1684	1743	1681	1676	1559
57	100	964	693	1364	1143	1189	419	199	247	584	709	545	614	664
57	1000	79	49	256	313	236	7	0	0	9	59	22	17	21
57	10000	0	0	0	0	0	0	0	0	0	0	0	0	0
58	1	2055	1982	2113	2051	1856	1813	2071	1956	2015	2007	2144	1953	1948
58	10	1863	1613	1933	1957	1833	1626	1556	1493	1582	1553	1679	1744	1628
58	100	925	671	1099	981	1002	442	235	244	636	626	740	649	702
58	1000	78	51	111	136	200	8	0	1	16	28	23	18	31
58	10000	0	0	0	0	0	0	0	0	0	0	0	0	0
59	1	2045	2096	1961	1962	2098	2014	2081	2002	2001	2119	1845	2065	2056
59	10	1801	1652	1850	1871	1957	1559	1491	1462	1557	1679	1765	1465	1627
59	100	895	829	1260	1169	1055	575	274	202	678	528	634	549	667
59	1000	72	62	123	115	221	7	2	2	20	30	32	14	22
59	10000	0	0	0	0	0	0	0	0	0	0	0	0	0
60	1	2120	1920	1994	2036	2109	2102	1979	2046	2027	2051	2096	2053	1969
60	10	1928	1660	1918	2004	1916	1493	1548	1496	1654	1726	1803	1754	1654
60	100	977	651	1182	1291	1248	494	312	216	652	654	653	645	610
60	1000	83	50	230	172	246	9	0	0	22	34	24	21	30
60	10000	0	0	0	0	0	0	0	0	0	0	0	0	0
61	1	2111	2187	2048	2083	1986	2037	2018	1913	2173	2081	2033	2043	2073
61	10	1887	1512	1845	1906	1912	1692	1493	1516	1831	1792	1748	1749	1647
61	100	929	733	1065	1006	1354	662	242	219	733	717	687	638	737
61	1000	87	42	209	151	229	9	3	1	24	40	25	17	28
61	10000	0	0	0	0	0	0	0	0	0	0	0	0	0
62	1	1960	1991	2091	2043	2034	1991	2019	1932	2111	2024	2126	2031	2068
62	10	1852	1583	1901	1927	1825	1665	1530	1451	1704	1523	1785	1706	1520
62	100	982	805	1094	1151	1017	476	299	191	587	565	592	586	691
62	1000	78	48	238	124	150	9	0	0	6	8	23	25	15
62	10000	0	0	0	0	0	0	0	0	0	0	0	0	0
63	1	2007	1978	1976	2084	2008	2036	2023	2001	1988	2066	2087	2033	2050
63	10	1857	1668	1801	1982	1955	1578	1414	1538	1742	1744	1785	1614	1640
63	100	928	750	1204	1047	1181	365	374	288	585	783	860	635	761
63	1000	66	46	204	124	159	7	3	2	26	47	40	21	21
63	10000	0	0	0	0	0	0	0	0	0	0	0	0	0
64	1	2048	2037	2066	1916	1865	2058	2017	2018	1982	1988	2100	2114	1969
64	10	1906	1779	1931	1790	1602	1724	1486	1455	1613	1797	1801	1754	1618
64	100	863	640	1359	1117	973	645	232	326	634	656	673	607	726
64	1000	76	50	192	195	167	5	0	2	13	21	35	22	17
64	10000	0	0	0	0	0	0	0	0	0	0	0	0	0
65	1	2057	1849	1977	2071	2112	2027	2030	1922	1974	2003	2054	2099	2084
65	10	1876	1533	1914	2008	1946	1752	1431	1419	1672	1617	1791	1756	1715
65	100	857	691	1093	1375	1162	559	305	259	672	692	719	864	608
65	1000	64	49	141	207	213	7	4	0	12	36	29	15	15
65	10000	0	0	0	0	0	0	0	0	0	0	0	0	0
66	1	1943	2026	1981	2012	2047	2039	2142	2067	1964	2045	2022	1941	2124
66	10	1751	1729	1900	1705	1677	1735	1553	1555	1565	1811	1840	1650	1659
66	100	953	679	1013	1109	1209	584	252	217	642	742	698	655	675
66	1000	85	62	148	273	199	10	1	0	11	8	31	20	27
66	10000	0	0	0	0	0	0	0	0	0	0	0	0	0
67	1	2100	1989	2067	2036	2078	2058	2038	2043	2090	2061	1971	2059	1930
67	10	1946	1677	1916	1922	1947	1610	1516	1640	1690	1670	1756	1739	1551
67	100	909	737	1149	1244	1203	555	394	314	602	547	665	684	605
67	1000	89	55	312	213	268	10	1	0	15	22	34	25	20
67	10000	0	0	0	0	0	0	0	0	0	0	0	0	0
68	1	2064	1939	1952	2075	2123	2034	1992	2102	1939	1906	1956	2056	1997
68	10	1913	1558	1681	1984	1797	1660	1477	1610	1584	1724	1754	1688	1677
68	100	925	779	978	1050	1258	621	281	208	637	565	682	490	641
68	1000	72	47	132	186	174	7	0	1	23	59	22	17	15
68	10000	0	0	0	0	0	0	0	0	0	0	0	0	0
69	1	1947	1888	2026	2068	1969	1971	2071	1976	2002	1983	2004	2029	1942
69	10	1724	1536	1956	1781	1821	1698	1524	1427	1642	1678	1659	1760	1673
69	100	839	732	1044	1078	1111	586	294	258	632	703	588	659	526
69	1000	79	56	207	148	143	11	1	0	20	39	23	13	16
69	10000	0	0	0	0	0	0	0	0	0	0	0	0	0
70	1	2001	1976	2044	2013	2078	2086	2048	2112	2103	2073	1884	1930	1928
70	10	1786	1502	1974	1805	1883	1757	1566	1559	1722	1758	1735	1644	1560
70	100	825	710	1343	1167	1171	509	299	304	613	779	696	692	675
70	1000	64	45	145	194	206	5	0	2	18	24	31	27	23
70	10000	0	0	0	0	0	0	0	0	0	0	0	0	0
71	1	2176	2093	2014	2021	1955	1830	1967	1972	1970	2036	2107	2011	2043
71	10	1959	1688	1837	1870	1798	1632	1549	1486	1625	1763	1698	1749	1560
71	100	980	703	1034	1169	1183	537	249	309	662	764	727	610	682
71	1000	70	42	132	241	232	8	3	0	14	25	30	22	27
71	10000	0	0	0	0	0	0	0	0	0	0	0	0	0
72	1	2085	1945	2026	2029	2132	2021	1887	1958	1986	2022	2071	1950	1984
72	10	1946	1536	1843	1854	1866	1592	1371	1554	1554	1632	1633	1603	1708
72	100	858	702	1228	1082	1072	637	217	274	647	725	652	606	731
72	1000	65	38	195	150	218	14	0	1	6	56	24	11	13
72	10000	0	0	0	0	0	0	0	0	0	0	0	0	0
73	1	2037	2122	1958	2138	1907	1837	1898	1961	2080	2030	2079	1976	2070
73	10	1866	1581	1958	1755	1863	1613	1587	1588	1702	1590	1753	1642	1629
73	100	856	607	1119	991	1098	594	418	271	653	735	627	687	742
73	1000	75	36	143	166	271	16	2	2	14	4	22	26	19
73	10000	0	0	0	0	0	0	0	0	0	0	0	0	0
74	1	1910	1980	2082	2081	2022	2032	1968	1945	1904	2033	1938	2085	2039
74	10	1747	1611	1924	1786	1755	1629	1442	1540	1562	1756	1684	1670	1679
74	100	958	615	1082	1115	1066	491	218	327	705	734	693	648	708
74	1000	97	39	123	154	184	10	1	1	15	21	27	23	27
74	10000	0	0	0	0	0	0	0	0	0	0	0	0	0
75	1	2147	1970	2050	2074	2056	2090	1842	2056	1985	2149	2100	2043	1966
75	10	1978	1509	1876	1948	1807	1661	1596	1455	1584	1740	1605	1649	1657
75	100	914	635	1166	1218	1058	607	202	293	604	765	681	693	617
75	1000	82	40	133	186	175	7	0	1	19	18	23	20	23
75	10000	0	0	0	0	0	0	0	0	0	0	0	0	0
76	1	2075	2031	1985	1958	2019	2082	1991	2075	2093	1984	2034	2110	1998
76	10	1777	1599	1859	1759	1976	1688	1475	1568	1575	1688	1791	1799	1617
76	100	917	741	1189	1298	1211	601	249	294	521	814	673	658	627
76	1000	92	39	167	140	187	10	0	0	9	35	38	21	21
76	10000	0	0	0	0	0	0	0	0	0	0	0	0	0
77	1	2112	2057	1946	2062	1987	1936	1879	2077	1971	1980	2128	2035	2059
77	10	1870	1471	1927	1839	1715	1613	1518	1524	1684	1502	1732	1736	1760
77	100	925	591	1383	1130	1173	506	273	292	688	584	690	640	664
77	1000	75	38	226	132	268	10	0	0	21	22	27	16	27
77	10000	0	0	0	0	0	0	0	0	0	0	0	0	0
78	1	2039	2007	1971	1911	2005	2112	1936	1996	2029	1947	1950	2066	2004
78	10	1889	1647	1946	1775	1824	1580	1466	1610	1626	1654	1701	1589	1650
78	100	814	691	1198	1040	965	599	298	243	716	601	753	731	616
78	1000	91	41	292	90	220	10	0	1	19	41	29	15	18
78	10000	0	0	0	0	0	0	0	0	0	0	0	0	0
79	1	1924	1943	2122	2059	1972	1985	2082	2105	2100	2058	1944	1962	1949
79	10	1787	1616	2011	1972	1656	1617	1652	1482	1641	1713	1670	1639	1639
79	100	800	700	1255	1118	1149	477	211	221	671	565	637	516	629
79	1000	70	60	174	249	320	11	0	0	19	27	22	27	26
79	10000	0	0	0	0	0	0	0	0	0	0	0	0	0
80	1	1996	2124	2095	1864	2061	2113	2140	1955	1968	2104	1986	1799	1935
80	10	1855	1744	1975	1831	1828	1737	1514	1584	1614	1799	1618	1586	1644
80	100	955	753	1181	1192	1211	423	337	425	743	746	659	550	735
80	1000	77	51	172	173	224	11	5	0	16	73	33	22	13
80	10000	0	0	0	0	0	0	0	0	0	0	0	0	0
81	1	1954	2029	1964	2002	2013	2030	2001	1997	2061	2045	2024	2095	2010
81	10	1677	1589	1964	2001	1870	1724	1563	1504	1674	1699	1678	1690	1658
81	100	899	678	1431	1045	1219	439	241	248	729	650	692	725	696
81	1000	56	40	276	137	240	5	0	0	19	35	32	23	20
81	10000	0	0	0	0	0	0	0	0	0	0	0	0	0
82	1	2040	2047	2076	2052	1973	1878	1972	2016	1944	1953	1833	1974	1965
82	10	1795	1564	1787	1951	1923	1508	1567	1420	1591	1716	1733	1665	1632
82	100	913	674	1152	1087	1120	445	312	214	716	722	624	617	677
82	1000	81	50	193	132	206	10	0	0	15	24	20	26	30
82	10000	0	0	0	0	0	0	0	0	0	0	0	0	0
83	1	1939	1998	2073	2103	2105	2063	2050	2053	2105	2089	2027	2069	2005
83	10	1705	1490	2013	1956	1950	1642	1637	1528	1662	1544	1718	1659	1659
83	100	972	648	1150	1245	1102	590	281	245	763	506	716	556	634
83	1000	79	53	154	211	247	9	2	2	16	30	29	15	28
83	10000	0	0	0	0	0	0	0	0	0	0	0	0	0
84	1	1955	2029	2028	2088	1987	2024	2070	1877	2095	1945	2045	2030	2021
84	10	1822	1625	1943	1939	1927	1608	1530	1494	1733	1585	1775	1728	1747
84	100	895	697	1102	1248	1202	471	251	302	705	577	686	634	654
84	1000	56	28	158	204	186	10	0	0	8	45	29	24	31
84	10000	0	0	0	0	0	0	0	0	0	0	0	0	0
85	1	2074	1872	2052	2107	2069	1884	2062	2054	2084	2055	2046	1963	2044
85	10	1859	1632	2019	1937	1738	1679	1423	1552	1718	1714	1798	1663	1702
85	100	908	689	1196	1293	1002	616	234	509	622	797	739	610	708
85	1000	77	54	308	152	234	10	0	1	15	39	32	16	30
85	10000	0	0	0	0	0	0	0	0	0	0	0	0	0
86	1	1900	2070	1967	2108	2051	2021	1987	2008	1984	2091	2002	2075	1985
86	10	1686	1577	1952	1873	1929	1578	1457	1550	1667	1636	1729	1651	1746
86	100	809	740	1185	1241	1183	413	226	196	688	644	694	701	630
86	1000	84	46	276	384	240	5	0	1	26	27	28	24	28
86	10000	0	0	0	0	0	0	0	0	0	0	0	0	0
87	1	1922	2031	2010	1943	2026	2037	2056	2039	1985	1993	1990	1993	2020
87	10	1770	1652	1920	1837	1757	1629	1545	1454	1524	1663	1650	1666	1656
87	100	916	712	1167	933	1225	606	377	228	700	714	676	570	630
87	1000	83	61	146	123	226	15	1	2	27	18	30	14	20
87	10000	0	0	0	0	0	0	0	0	0	0	0	0	0
88	1	1992	1965	2063	2023	2114	2022	2050	1988	2081	1919	2037	2040	2008
88	10	1856	1523	1909	2016	1953	1703	1567	1542	1582	1435	1663	1661	1627
88	100	878	615	1082	1305	1056	521	337	270	701	746	631	695	662
88	1000	61	58	232	281	170	10	0	1	20	44	23	20	12
88	10000	0	0	0	0	0	0	0	0	0	0	0	0	0
89	1	2098	1942	1989	2004	2002	1936	1915	2002	1921	2035	1991	2100	2042
89	10	1915	1633	1918	1931	1794	1658	1473	1553	1621	1851	1670	1662	1646
89	100	851	717	1126	980	1116	503	180	240	696	736	667	628	630
89	1000	91	67	139	173	271	5	0	1	25	63	28	25	20
89	10000	0	0	0	0	0	0	0	0	0	0	0	0	0
90	1	2052	2052	2055	2061	2055	1921	2037	1970	1989	2012	1980	2025	2115
90	10	1830	1586	1794	1869	1813	1574	1633	1383	1591	1906	1650	1688	1732
90	100	864	644	1190	946	971	441	268	244	646	787	623	682	711
90	1000	63	39	138	225	220	4	1	0	18	28	24	29	14
90	10000	0	0	0	0	0	0	0	0	0	0	0	0	0
91	1	2023	1976	1984	2016	2036	2018	1989	2017	1961	1968	1969	1847	1980
91	10	1817	1573	1829	1925	1948	1533	1477	1594	1610	1596	1664	1536	1686
91	100	860	685	1063	1194	1296	537	326	233	750	608	676	597	754
91	1000	79	49	196	276	193	10	1	2	13	18	26	13	26
91	10000	0	0	0	0	0	0	0	0	0	0	0	0	0
92	1	2079	1954	2062	2024	2103	2046	2024	1835	2078	2019	1957	2112	2057
92	10	1950	1466	1989	1853	1923	1617	1508	1491	1733	1708	1726	1627	1688
92	100	938	575	1280	1019	1053	501	254	295	710	819	671	685	625
92	1000	68	50	149	145	238	15	0	0	12	35	27	18	12
92	10000	0	0	0	0	0	0	0	0	0	0	0	0	0
93	1	2095	2043	2042	1840	1895	1977	1967	2024	1987	2026	2030	1995	2048
93	10	1926	1634	1872	1764	1805	1600	1513	1315	1585	1629	1759	1739	1666
93	100	962	757	1110	883	1081	556	260	284	692	545	667	782	603
93	1000	81	43	179	165	188	7	0	5	8	28	26	22	14
93	10000	0	0	0	0	0	0	0	0	0	0	0	0	0
94	1	2111	1799	1984	2019	2080	2014	1780	2035	1992	1953	1928	2025	1962
94	10	1977	1480	1962	1898	1958	1677	1457	1602	1815	1719	1642	1663	1631
94	100	951	616	1559	1280	1117	508	346	352	671	782	692	665	644
94	1000	65	45	218	273	220	13	1	0	15	13	31	17	22
94	10000	0	0	0	0	0	0	0	0	0	0	0	0	0
95	1	2039	2004	2043	2065	1986	1901	2045	2025	1980	1918	2112	1997	1874
95	10	1789	1644	1983	1891	1920	1464	1583	1445	1702	1688	1657	1696	1648
95	100	826	727	1147	1292	1091	511	275	239	579	772	690	606	701
95	1000	77	38	201	160	211	9	0	0	9	39	28	17	27
95	10000	0	0	0	0	0	0	0	0	0	0	0	0	0
96	1	2055	2019	2053	2158	2024	2100	1999	2073	2003	2105	2112	2031	2032
96	10	1970	1679	1753	1980	1937	1701	1386	1502	1529	1751	1674	1705	1721
96	100	956	697	1179	1170	1347	460	194	188	529	601	581	691	733
96	1000	79	43	463	317	176	14	1	0	9	30	24	20	22
96	10000	0	0	0	0	0	0	0	0	0	0	0	0	0
97	1	2063	2072	1979	2051	2018	2007	2064	2052	2044	1999	2063	1993	2103
97	10	1839	1475	1955	1905	1789	1622	1514	1495	1661	1649	1663	1661	1669
97	100	846	652	1105	1049	1033	553	287	350	622	591	622	641	671
97	1000	72	56	285	246	210	7	3	0	12	41	29	17	22
97	10000	0	0	0	0	0	0	0	0	0	0	0	0	0
98	1	2024	2016	2098	2135	2089	1984	1970	1664	2039	2067	1990	1893	2045
98	10	1861	1496	1871	2026	1926	1661	1520	1440	1659	1667	1745	1722	1693
98	100	941	690	1119	1148	1118	411	191	293	628	711	742	665	706
98	1000	77	50	177	218	188	10	0	0	25	12	30	22	21
98	10000	0	0	0	0	0	0	0	0	0	0	0	0	0
99	1	2055	1925	2058	2026	1977	2106	1964	1984	2065	1983	2121	1994	2036
99	10	1919	1661	1751	1959	1843	1607	1355	1591	1671	1804	1743	1670	1656
99	100	896	828	938	1084	1231	489	245	390	656	720	605	559	738
99	1000	76	55	238	300	145	7	0	0	11	42	24	28	20
99	10000	0	0	0	0	0	0	0	0	0	0	0	0	0
100	1	2073	2079	2071	2030	2113	2078	2117	2067	1939	1983	2044	1915	2028
100	10	1813	1585	1909	1909	1926	1576	1520	1493	1669	1606	1643	1640	1590
100	100	900	681	1187	1211	1168	565	351	338	648	434	644	593	740
100	1000	66	42	126	331	285	3	0	2	14	29	20	19	31
100	10000	0	0	0	0	0	0	0	0	0	0	0	0	0
