Instance	Generations	Swap	CX	ER	EER	OX	NWOX	UOBX	OX2	PPX	UPPX	PMX	UPMX	PBX
1	1	2126	2052	2104	2086	2000	2114	2102	2078	2146	2082	1982	1992	2008
1	10	1968	1642	1986	2042	2000	1772	1648	1602	2030	2050	1750	1816	1714
1	100	1154	812	1352	1300	1318	732	408	368	1138	1312	710	874	670
1	1000	116	106	316	482	342	100	4	4	300	600	202	100	24
1	10000	100	100	0	0	0	0	0	0	300	600	200	100	0
2	1	2080	2098	2132	2102	2102	2168	2030	1920	2098	2100	2210	2106	2110
2	10	1958	1740	1972	2010	2068	1780	1704	1648	1940	2048	1784	1844	1832
2	100	1058	918	1636	1510	1316	750	416	372	1134	1388	690	670	674
2	1000	208	68	608	160	238	30	2	0	400	512	24	102	104
2	10000	200	0	100	0	0	0	0	0	400	500	0	100	100
3	1	2028	2042	2028	2096	2146	2124	2038	2002	2180	2052	2050	2046	2032
3	10	1930	1708	2012	2018	1936	1696	1670	1794	1980	2002	1838	1892	1786
3	100	1118	732	1470	1184	1316	682	480	422	1204	1242	702	724	792
3	1000	132	108	368	184	274	14	4	0	700	400	18	26	300
3	10000	100	100	100	0	0	0	0	0	600	400	0	0	300
4	1	2076	2116	2178	2160	2154	2072	2100	2116	2014	2100	2094	2020	2148
4	10	1912	1820	2090	1960	1970	1792	1682	1736	1918	2016	1792	1786	1818
4	100	1060	884	1440	1318	1386	782	422	440	1026	1214	794	656	754
4	1000	98	66	340	294	306	102	0	0	500	600	200	26	30
4	10000	0	0	100	0	0	0	0	0	500	600	200	0	0
5	1	2130	2102	2132	2112	2158	2056	2154	2172	2104	2114	2004	2002	2086
5	10	1996	1784	2044	1998	1916	1852	1698	1672	1964	1942	1744	1750	1726
5	100	1044	890	1440	1228	1330	826	466	474	1094	1236	636	798	612
5	1000	138	110	180	182	268	10	100	2	500	400	108	100	34
5	10000	100	100	0	100	0	0	100	0	500	400	100	100	0
6	1	2148	2118	2178	2174	1992	2170	2076	2174	2042	2208	2084	2142	2068
6	10	2000	1810	2032	2038	1940	1762	1652	1686	1962	2028	1850	1832	1724
6	100	962	916	1204	1330	1286	622	476	396	1084	1170	770	714	716
6	1000	116	200	272	372	284	18	0	2	500	400	102	100	44
6	10000	0	200	0	100	0	0	0	0	500	400	100	100	0
7	1	2150	2174	2036	2064	2158	2098	2084	2040	2190	2156	2140	2150	2044
7	10	1946	1608	1984	2000	1998	1678	1728	1722	2014	1968	1820	1804	1756
7	100	1078	794	1322	1130	1282	594	408	366	1126	1306	778	744	710
7	1000	152	56	200	226	262	20	14	0	300	500	100	104	100
7	10000	100	0	0	100	0	0	0	0	300	500	100	100	100
8	1	2086	2142	2122	2060	2110	2138	2100	2056	2082	2182	2140	2134	2112
8	10	1988	1780	2026	1994	1948	1952	1692	1642	1948	2006	1920	1868	1706
8	100	1100	838	1252	1240	1314	790	302	402	1134	1216	806	814	626
8	1000	134	42	226	170	262	26	0	4	500	500	100	34	100
8	10000	100	0	0	0	100	0	0	0	500	500	100	0	100
9	1	2118	2134	2130	1956	2068	2132	2118	1948	2108	2118	2084	2158	1888
9	10	1830	1716	2042	1914	1974	1772	1590	1626	1950	1920	1780	1894	1730
9	100	1064	838	1388	1182	1372	672	316	318	1104	1370	722	730	798
9	1000	134	66	402	392	366	16	2	6	600	408	44	28	200
9	10000	100	0	100	0	0	0	0	0	600	400	0	0	200
10	1	2188	2154	2180	2182	2096	1944	2128	2030	2084	2140	2104	2206	2086
10	10	2048	1682	2002	2018	1906	1818	1634	1618	1852	1908	1864	1694	1738
10	100	1038	938	1420	1262	1360	676	506	388	1088	1250	768	762	622
10	1000	128	200	248	500	322	100	100	0	500	300	200	100	26
10	10000	100	200	0	100	0	0	100	0	500	300	200	100	0
11	1	2124	2062	2114	2062	2194	2092	2016	2010	2036	2084	2128	2058	2122
11	10	2008	1684	2004	1868	1944	1752	1832	1624	1806	1970	1858	1804	1800
11	100	1082	852	1378	1134	1266	752	572	370	1082	1332	674	1108	654
11	1000	130	102	320	198	270	6	100	2	500	418	102	40	20
11	10000	100	100	98	4	0	0	0	0	500	400	100	0	0
12	1	2146	2162	2058	2104	2118	2012	2052	2112	2082	2042	2080	2088	2144
12	10	1980	1706	2052	1998	2060	1788	1712	1674	1890	1962	1796	1806	1774
12	100	1024	862	1470	1230	1298	710	364	390	1076	1154	754	732	686
12	1000	200	52	214	318	242	18	0	0	500	500	102	100	200
12	10000	200	0	100	100	0	0	0	0	500	500	100	100	200
13	1	2242	2090	2042	2046	2178	2152	2082	2160	2152	2080	2112	2066	2048
13	10	2106	1714	1948	2018	1978	1852	1570	1578	1838	1910	1846	1774	1730
13	100	1166	834	1592	1302	1192	802	334	402	1064	960	778	934	614
13	1000	112	52	430	232	282	6	4	4	500	400	22	100	102
13	10000	0	0	0	0	0	0	0	0	500	400	0	100	100
14	1	1912	2158	2100	2072	2042	2162	2068	2218	2076	2024	2146	2140	2190
14	10	1772	1804	2098	2008	1950	1716	1686	1762	1922	1828	1932	1846	1770
14	100	1042	876	1158	1440	1418	686	434	426	1132	946	760	750	686
14	1000	200	200	348	278	358	20	0	22	600	600	20	26	22
14	10000	200	200	0	0	0	0	0	0	500	600	0	0	0
15	1	2088	2116	2144	2118	2088	2126	2150	2168	2112	2098	2072	2100	2116
15	10	1938	1724	2058	2070	1988	1748	1662	1758	1934	1964	1776	1828	1780
15	100	976	692	1248	1520	1278	778	330	402	1002	1082	678	724	736
15	1000	204	102	272	536	236	100	0	2	500	600	24	102	22
15	10000	200	100	100	0	100	0	0	0	500	600	0	100	0
16	1	2140	2070	2070	2096	2188	2046	2054	2092	2090	1960	2144	2102	2068
16	10	1972	1672	2022	2084	2050	1748	1678	1798	1782	1816	1798	1862	1676
16	100	1102	846	1200	1472	1366	840	486	392	1032	1114	732	834	654
16	1000	140	108	232	240	282	26	0	4	300	600	200	108	104
16	10000	100	100	100	0	0	0	0	0	300	500	200	100	100
17	1	2130	2038	2040	2092	2140	2140	2118	2154	2146	2036	2074	2004	2044
17	10	2010	1670	2022	1946	1928	1876	1716	1670	1970	1898	1772	1800	1760
17	100	1118	822	1454	1392	1284	886	420	332	1146	1206	676	790	644
17	1000	134	202	418	402	374	8	0	2	700	570	100	106	100
17	10000	100	200	0	6	0	0	0	0	700	500	100	100	100
18	1	2084	2114	2140	2194	2168	2162	2126	2112	2208	2124	2154	1988	2094
18	10	1984	1762	1842	2092	2030	1764	1694	1694	1878	2034	1798	1720	1774
18	100	1070	842	1222	1390	1186	680	370	440	1134	1192	798	684	720
18	1000	120	104	196	238	312	102	100	2	600	600	200	104	102
18	10000	100	100	100	0	100	100	0	0	500	600	200	100	100
19	1	2214	2116	2020	2122	2138	2082	2128	2122	2078	2062	2148	2202	1994
19	10	1996	1658	1944	1980	1982	1724	1688	1748	1834	1812	1830	1832	1746
19	100	1078	808	1396	1392	1014	762	384	310	1004	1102	776	702	740
19	1000	204	112	544	280	342	100	2	10	300	500	104	200	100
19	10000	200	100	0	100	0	100	0	0	300	500	100	200	100
20	1	2198	2056	2116	2048	2072	2116	2124	2208	2118	2128	2036	2038	2140
20	10	2026	1576	1964	1942	1954	1734	1654	1700	1958	1858	1756	1574	1862
20	100	1044	780	1278	1164	1346	656	350	444	1062	1234	594	782	716
20	1000	110	58	254	464	286	100	2	0	600	500	24	300	26
20	10000	0	0	0	0	0	100	0	0	600	500	0	300	0
21	1	2136	2196	1998	2096	2032	2140	2132	2090	2132	2078	2142	2124	2088
21	10	1992	1728	1932	2034	1962	1756	1666	1674	1794	2038	1794	1892	1806
21	100	1094	688	1570	1156	1242	738	356	472	1048	1280	676	770	716
21	1000	130	106	238	136	350	16	100	0	500	600	104	200	104
21	10000	100	100	0	0	0	0	0	0	500	500	100	200	100
22	1	2128	2110	2140	2160	1998	2128	2182	1998	2134	2144	2118	2010	2088
22	10	2068	1662	2094	1900	1934	1852	1734	1686	1804	1964	1884	1816	1676
22	100	1054	866	1198	1344	1232	744	482	386	1144	1212	754	844	812
22	1000	204	54	208	178	288	100	2	2	700	600	100	200	26
22	10000	200	0	0	0	100	100	0	0	700	600	100	200	0
23	1	2184	2166	2164	2074	2118	2118	2132	2164	2104	2098	2158	2132	2214
23	10	1974	1664	1978	2066	2052	1862	1602	1672	1934	1914	1912	1828	1822
23	100	1094	762	1280	1368	1340	638	392	352	1084	1134	752	624	692
23	1000	92	46	438	216	328	100	4	100	300	500	22	200	20
23	10000	0	0	100	0	0	100	0	0	300	500	0	200	0
24	1	2166	2186	2104	2028	2174	2098	2078	2140	1928	2000	2198	2062	2130
24	10	1992	1848	1946	1992	1984	1826	1566	1684	1796	1948	1886	1804	1800
24	100	1080	850	1370	1390	1304	686	386	340	980	1494	852	630	712
24	1000	204	120	320	288	300	8	0	4	500	700	110	200	30
24	10000	200	100	100	100	0	0	0	0	500	700	100	200	0
25	1	2192	2072	2122	2108	2124	2074	2102	2092	2164	2118	2206	2034	2140
25	10	2010	1616	2016	1924	2014	1764	1716	1580	1984	1984	1842	1774	1738
25	100	1052	872	1582	1334	1264	864	364	404	1056	1232	698	816	718
25	1000	118	100	320	426	220	32	2	0	400	496	100	102	104
25	10000	100	100	100	0	0	0	0	0	400	300	100	100	100
26	1	2188	2146	2164	2148	1880	2172	2134	2032	2092	2102	2076	2110	2100
26	10	1944	1790	1990	1968	1866	1788	1738	1516	1912	2070	1880	1862	1662
26	100	1068	760	1240	1256	1222	770	330	402	1152	1222	740	758	786
26	1000	214	62	266	284	272	96	0	24	400	800	46	104	300
26	10000	200	0	100	0	0	0	0	0	400	700	0	100	300
27	1	2176	1948	2128	2014	2090	2072	2032	2062	2078	2126	2152	2160	2112
27	10	1924	1736	2004	1976	1974	1780	1740	1710	1942	1976	1834	1810	1750
27	100	1012	876	1524	1188	1202	716	414	302	1094	1192	644	734	866
27	1000	118	106	456	212	258	2	6	2	500	400	100	100	300
27	10000	100	100	0	0	100	0	0	0	500	400	100	100	300
28	1	2076	2178	1968	2094	2148	2132	2084	2130	2108	2162	2108	2004	2112
28	10	1898	1708	1892	1964	1926	1754	1706	1612	1912	1972	1738	1770	1868
28	100	1050	826	1140	1246	1262	712	364	438	1074	1330	748	792	788
28	1000	206	108	280	294	324	14	6	6	500	400	42	108	200
28	10000	200	100	100	100	0	0	0	0	500	400	0	100	200
29	1	2146	2078	2056	2062	2018	2222	2100	2164	2130	2074	2156	2062	2120
29	10	2014	1786	1990	2000	1976	1770	1736	1718	1986	1980	1860	1662	1728
29	100	1064	790	1370	1330	1220	544	362	356	1286	1502	702	732	658
29	1000	128	200	360	260	268	38	0	4	600	500	104	110	300
29	10000	100	200	0	0	0	0	0	0	600	400	100	100	300
30	1	2134	2126	2182	2136	2028	2134	2076	2186	2114	2058	2146	2132	2072
30	10	1962	1798	1984	2000	1998	1740	1584	1638	1830	1948	1814	1836	1846
30	100	1054	830	1290	1312	1266	770	282	430	1108	1332	698	688	742
30	1000	94	100	410	334	298	100	0	6	500	300	34	8	22
30	10000	0	100	100	100	0	100	0	0	500	300	0	0	0
31	1	2174	2126	2154	2168	2094	2118	2118	2110	2138	2102	2104	2136	2064
31	10	1948	1698	1916	2074	2044	1842	1648	1704	1872	1956	1876	1816	1628
31	100	1064	888	1324	1296	1284	752	404	432	884	1204	722	730	762
31	1000	110	300	312	340	322	32	4	100	400	500	34	32	110
31	10000	0	300	0	0	0	0	0	100	400	500	0	0	100
32	1	2186	2074	2176	2136	2072	2068	2108	2042	2082	2084	2236	2160	2082
32	10	2066	1632	2022	2030	2006	1744	1592	1580	1822	1962	1936	1604	1722
32	100	1078	858	1492	1646	1358	802	326	322	1032	1128	874	776	662
32	1000	126	110	290	516	360	32	2	0	500	300	34	102	106
32	10000	100	100	100	100	100	0	0	0	500	300	0	100	100
33	1	2032	2148	2130	2072	2152	2118	2110	2168	2090	2146	2156	2066	2070
33	10	1928	1778	2010	1974	1996	1842	1694	1684	1916	1928	1808	1826	1832
33	100	1092	766	1136	1476	1394	702	358	384	906	1052	792	756	698
33	1000	100	48	220	292	374	34	2	2	400	400	102	200	16
33	10000	0	0	0	0	100	0	0	0	400	400	100	200	0
34	1	2030	2100	2146	2058	2082	2172	2042	2100	2144	1936	2018	1914	1964
34	10	1862	1636	2076	2002	1920	1840	1726	1606	1976	1848	1726	1684	1790
34	100	1094	802	1610	1282	1204	668	480	344	1024	1118	744	658	696
34	1000	300	200	274	296	382	10	0	0	600	600	102	300	200
34	10000	300	200	0	0	0	0	0	0	600	600	100	300	200
35	1	2078	2170	2140	1964	2074	2044	2030	2086	2010	2158	2030	2122	2152
35	10	1894	1738	2072	1876	1954	1758	1596	1650	1844	1936	1742	1860	1814
35	100	1148	856	1374	1342	1264	882	336	458	998	1202	848	824	730
35	1000	114	108	314	224	416	104	100	0	300	600	42	42	8
35	10000	100	100	100	0	0	100	100	0	300	600	0	0	0
36	1	2184	2210	2086	2052	2110	2100	2094	2060	2084	2012	2170	2134	2134
36	10	2010	1786	2002	1972	2006	1786	1768	1600	1904	1864	1906	1864	1718
36	100	1044	812	1406	1370	1308	638	520	322	1072	1138	758	864	722
36	1000	126	118	250	264	306	12	2	0	700	400	30	34	104
36	10000	0	100	0	0	100	0	0	0	700	400	0	0	100
37	1	2070	2064	2116	2088	1992	1932	2124	2028	2090	1972	2198	2112	2074
37	10	1926	1668	1962	2002	1928	1710	1696	1546	1946	1782	1824	1760	1728
37	100	966	788	1340	1160	1264	640	330	388	1076	1054	742	820	640
37	1000	104	108	214	366	286	18	0	2	600	500	200	200	28
37	10000	0	100	100	100	0	0	0	0	500	500	200	200	0
38	1	2112	2124	2024	2178	2112	2074	2152	2184	2170	2044	2172	2200	2046
38	10	1968	1542	1936	2028	1912	1802	1634	1668	1956	1934	1768	1676	1718
38	100	1100	804	1240	1164	1194	700	484	354	1198	1220	782	768	716
38	1000	204	50	216	306	456	22	2	2	400	500	200	22	100
38	10000	200	0	100	0	0	0	0	0	400	500	200	0	100
39	1	2150	2142	2210	2130	2166	2210	2032	2070	2092	2076	2072	2152	2182
39	10	2024	1756	1956	2034	2008	1810	1678	1788	1866	1832	1818	1838	1812
39	100	1006	944	1446	1372	1320	782	328	494	1052	1138	656	784	776
39	1000	96	68	166	222	262	100	4	6	500	200	26	38	44
39	10000	0	0	0	0	0	100	0	0	500	200	0	0	0
40	1	2134	2066	1892	2068	2168	2014	2062	1982	2124	2152	2168	2112	2064
40	10	1960	1710	1866	1988	2038	1768	1612	1548	1934	1862	1840	1890	1754
40	100	1018	760	1456	1338	1544	754	338	452	1024	1172	718	658	750
40	1000	206	112	468	232	348	10	0	12	300	400	100	108	42
40	10000	200	100	0	100	0	0	0	0	300	400	100	100	0
41	1	2008	2022	2004	2052	2172	2160	2116	2082	2090	2128	2076	2070	2088
41	10	1910	1660	1912	1920	1936	1826	1668	1632	1920	2002	1830	1634	1748
41	100	1048	820	1354	1392	1224	686	320	292	1148	1232	658	714	720
41	1000	124	106	270	334	216	26	2	2	400	500	20	100	20
41	10000	100	100	0	100	0	0	0	0	400	500	0	100	0
42	1	2074	2072	2106	2188	2172	2144	1916	2040	2068	2136	2070	2108	2134
42	10	1932	1704	2068	1982	2128	1808	1550	1608	1846	2048	1808	1822	1730
42	100	1062	796	1300	1254	1294	670	440	472	1218	1230	710	664	784
42	1000	130	36	254	424	198	100	0	2	600	400	102	20	100
42	10000	100	0	0	100	0	100	0	0	500	400	100	0	100
43	1	1788	2044	2096	2154	2134	2106	2090	2090	2052	2134	2098	2090	2136
43	10	1700	1700	2022	2074	1922	1860	1690	1592	1844	1994	1804	1750	1870
43	100	908	892	1136	1376	1186	728	426	346	1130	1190	632	866	692
43	1000	106	66	120	230	212	22	2	0	700	500	200	24	104
43	10000	0	0	0	0	0	0	0	0	600	500	200	0	100
44	1	2070	2162	2158	2042	2114	2060	2142	2074	2116	2100	2234	2098	2062
44	10	1928	1816	2044	2022	1916	1664	1704	1712	1804	1822	1824	1834	1884
44	100	1058	832	1132	1296	1234	662	412	372	1170	1222	704	766	672
44	1000	206	58	166	308	226	10	0	2	600	300	100	200	102
44	10000	200	0	100	100	0	0	0	0	600	300	100	200	100
45	1	2030	1896	2164	1788	2192	2134	2176	2150	2046	2142	2090	2070	2092
45	10	1878	1746	2016	1648	1982	1756	1730	1628	1940	2062	1802	1792	1712
45	100	1010	850	1288	1110	1258	718	446	324	1084	1164	690	702	660
45	1000	108	110	178	256	366	100	10	2	600	300	36	102	102
45	10000	100	100	0	0	0	100	0	0	600	300	0	100	100
46	1	2090	2106	2108	2150	2178	2136	2126	2098	2174	2166	2184	2128	2040
46	10	1964	1680	2006	2080	1976	1720	1652	1652	1776	2008	1810	1798	1712
46	100	1000	814	1368	1264	1344	702	288	372	1126	1774	692	812	674
46	1000	130	202	260	336	386	10	2	0	400	610	102	300	200
46	10000	100	200	0	100	100	0	0	0	400	200	100	300	200
47	1	2144	2092	2148	2076	2100	2142	2116	1994	2090	2078	2084	2066	2124
47	10	1912	1780	2086	2006	2018	1882	1580	1708	1864	2052	1826	1782	1670
47	100	1012	826	1308	1276	1094	808	336	412	1006	1224	738	672	716
47	1000	120	106	512	216	312	14	2	0	600	700	200	112	24
47	10000	100	100	100	0	0	0	0	0	600	700	200	100	0
48	1	2176	2084	2204	2084	2062	2108	2052	2132	2096	2066	2088	2052	2076
48	10	2008	1730	2052	2030	1996	1776	1546	1636	1916	2032	1778	1776	1704
48	100	1062	820	1396	1350	1202	732	402	386	1004	1076	732	690	884
48	1000	144	114	158	494	244	36	100	4	500	400	34	24	24
48	10000	100	100	100	100	0	0	100	0	500	400	0	0	0
49	1	2020	2096	2060	2126	2150	2080	2102	2058	2094	2150	2174	2066	1930
49	10	1912	1666	1906	2052	1948	1832	1636	1696	1942	1990	1892	1864	1764
49	100	1038	828	1198	1576	1154	714	390	344	1244	1160	768	660	660
49	1000	126	38	234	306	160	12	2	2	600	700	104	104	32
49	10000	100	0	100	100	0	0	0	0	600	600	100	100	0
50	1	2134	2190	2126	2082	2128	2162	2074	2052	2016	2158	2202	2074	2126
50	10	1940	1766	2042	2042	2046	1888	1670	1584	1936	1992	1798	1768	1702
50	100	1026	836	1298	1382	1334	684	436	476	1108	1176	768	592	754
50	1000	114	76	432	152	358	14	8	2	500	400	42	300	100
50	10000	100	0	0	0	0	0	0	0	500	400	0	300	100
51	1	2214	2032	2062	2094	2148	2156	2146	2078	2146	2148	1958	2138	2044
51	10	2076	1544	1980	2028	2026	1904	1744	1620	2054	1940	1634	1868	1784
51	100	1052	702	1522	1320	1202	690	344	352	1286	1250	500	674	696
51	1000	120	200	276	250	324	18	100	0	500	500	102	102	100
51	10000	100	200	100	0	0	0	98	0	500	500	100	100	100
52	1	2120	2048	1908	2134	2176	2188	2056	2016	2164	2144	2140	2166	2136
52	10	1976	1742	1812	2034	1958	1758	1600	1636	1946	1910	1932	1854	1718
52	100	1052	818	1288	1472	1212	756	334	494	1068	1310	806	706	690
52	1000	202	44	210	274	298	100	100	4	400	700	20	300	200
52	10000	200	0	0	0	0	100	0	0	400	700	0	300	200
53	1	2150	2100	2136	2026	2118	2090	2172	2034	2076	2112	2094	2102	2142
53	10	1924	1694	2018	1990	2046	1702	1774	1662	1842	2024	1748	1894	1852
53	100	1068	838	1506	1412	1246	694	356	360	1070	1152	790	842	748
53	1000	206	200	208	200	300	100	0	0	600	500	100	22	102
53	10000	200	200	0	0	0	0	0	0	600	500	100	0	100
54	1	2058	2140	2074	2150	2188	1992	2084	2124	2128	2036	2126	2030	2132
54	10	1904	1778	1998	2048	1886	1802	1530	1616	1882	1912	1860	1784	1832
54	100	1048	858	1372	1180	1196	738	360	436	1040	1164	790	860	840
54	1000	88	64	328	212	380	100	0	2	300	408	104	46	200
54	10000	0	0	100	0	0	100	0	0	300	406	100	0	200
55	1	2126	2080	2112	2018	2226	2126	2056	2124	2070	1994	2136	2054	2100
55	10	2004	1666	1906	1974	1932	1800	1706	1666	1956	1982	1812	1734	1646
55	100	1040	798	1216	1352	1158	722	476	482	1078	1180	736	674	684
55	1000	98	100	234	422	226	100	4	100	500	500	104	200	104
55	10000	0	100	100	0	100	100	0	100	500	500	100	200	100
56	1	2138	2102	2098	2112	2064	2040	2158	2118	2002	2158	2018	2000	2034
56	10	1972	1754	1962	2008	1958	1798	1586	1702	1818	2004	1764	1810	1758
56	100	1104	848	1238	1378	1550	704	362	320	1054	1232	738	614	642
56	1000	146	202	176	264	412	138	0	100	500	300	200	100	200
56	10000	100	200	0	100	0	0	0	100	500	300	200	100	200
57	1	2202	2194	2174	2076	2074	2022	2118	2222	2176	1980	2066	2018	2130
57	10	2056	1778	2064	1984	1824	1716	1700	1742	1986	1878	1868	1862	1748
57	100	1100	900	1186	1194	1322	670	420	388	1170	1088	744	816	740
57	1000	128	66	342	242	376	32	8	2	400	400	108	200	100
57	10000	100	0	0	100	0	0	0	0	400	400	100	200	100
58	1	2198	2102	2088	2164	2144	2086	2172	2114	2112	2080	2112	2034	2064
58	10	2046	1672	2004	1952	1998	1740	1724	1646	2018	2014	1840	1768	1802
58	100	1110	822	1356	1276	1304	640	488	380	1138	1110	880	750	692
58	1000	116	200	264	232	238	14	100	0	500	600	104	104	10
58	10000	0	200	0	0	0	0	100	0	500	600	100	100	0
59	1	2020	1982	2164	2076	2108	2078	2124	2156	2074	2056	2134	2162	2104
59	10	1886	1754	2082	2020	1902	1836	1668	1754	1846	1786	1678	1808	1710
59	100	1012	790	1186	1250	1126	708	276	322	1120	1062	792	708	602
59	1000	98	110	174	248	284	100	8	0	600	600	104	200	24
59	10000	0	100	0	100	0	98	0	0	500	600	100	200	0
60	1	2102	2016	2158	2068	2142	2002	1948	2150	2188	2234	2100	2034	2106
60	10	1968	1630	2026	1900	1924	1778	1630	1614	2022	2050	1776	1772	1772
60	100	1062	790	1520	1370	1264	744	326	430	1214	1234	764	786	758
60	1000	96	200	196	246	286	22	0	0	300	142	12	34	34
60	10000	0	200	0	0	0	0	0	0	300	100	0	0	0
61	1	2200	2134	2194	2170	2128	2024	2066	2084	2142	2112	2094	2016	2172
61	10	2032	1656	2054	1932	1978	1748	1532	1662	1978	2038	1728	1734	1838
61	100	1078	802	1204	1364	1254	800	394	424	1094	1318	684	724	700
61	1000	130	56	220	240	284	46	4	100	500	600	100	24	200
61	10000	100	0	0	0	0	0	0	0	400	600	100	0	200
62	1	2140	2022	2124	2058	2064	2154	2150	2142	2148	1958	2030	1994	2156
62	10	1980	1674	2024	1956	2010	1710	1720	1652	1860	1754	1702	1740	1820
62	100	1124	884	1266	1224	1364	640	382	474	1118	1022	752	702	798
62	1000	98	200	238	194	228	20	0	4	400	408	104	24	26
62	10000	0	200	0	0	0	0	0	0	400	400	100	0	0
63	1	2106	2076	2090	1970	2164	2052	2092	2044	2122	2154	2178	2142	2154
63	10	1970	1756	1968	1922	1974	1798	1616	1660	1976	1966	1788	1820	1812
63	100	1124	872	1412	1296	1230	708	422	388	1222	1230	692	620	684
63	1000	100	204	196	356	304	100	0	2	500	600	38	100	104
63	10000	0	200	0	100	0	0	0	0	400	600	0	100	100
64	1	2112	1900	2172	1976	2128	2186	2080	2142	2164	2192	2162	2136	2068
64	10	2028	1790	1922	1944	1922	1682	1624	1648	1832	2014	1890	1754	1820
64	100	1190	830	1332	1364	1244	724	348	332	1022	1114	802	684	796
64	1000	114	62	254	188	178	8	6	6	300	300	104	100	108
64	10000	0	0	0	0	0	0	0	0	300	300	100	100	100
65	1	2154	2110	2188	2080	2116	2080	2092	2116	2110	2134	2114	1982	2096
65	10	2024	1656	2032	2002	1922	1794	1618	1616	1848	1966	1720	1820	1722
65	100	1064	814	1310	1290	1238	728	606	296	1252	1394	646	868	716
65	1000	110	300	562	418	308	100	0	100	600	400	200	100	200
65	10000	0	300	100	0	0	100	0	0	600	400	200	100	200
66	1	2044	2146	1952	2102	2106	2210	2074	2186	1954	2110	2056	2110	2084
66	10	1876	1696	1924	2036	1986	1776	1632	1766	1702	2042	1850	1778	1712
66	100	948	926	1184	1266	1258	768	368	454	938	1212	780	728	728
66	1000	124	202	198	192	220	8	4	0	600	500	102	106	200
66	10000	100	200	0	100	0	0	0	0	500	500	100	100	200
67	1	2168	2100	2168	2082	2102	2008	2076	2138	2058	2168	2184	2146	2056
67	10	2010	1848	2042	2006	1826	1664	1620	1676	1976	1888	1810	1866	1766
67	100	1088	938	1574	1230	1236	694	278	402	1164	1210	810	748	754
67	1000	122	54	268	248	230	28	10	2	500	418	100	300	22
67	10000	100	0	100	100	0	0	0	0	400	400	100	200	0
68	1	2042	2134	2058	2110	2014	2096	2154	2062	2210	2094	2048	2178	2162
68	10	1888	1718	1934	1920	1946	1636	1638	1696	1942	2040	1716	1698	1762
68	100	1018	750	1190	1408	1542	680	332	360	1206	1280	770	726	830
68	1000	120	104	244	276	226	18	12	0	500	700	24	102	100
68	10000	0	100	0	0	0	0	0	0	500	600	0	100	100
69	1	2152	2014	2024	2094	2120	2108	2148	2064	2096	2078	2020	2178	2066
69	10	1988	1562	1890	2074	1852	1778	1676	1540	1842	1994	1802	1798	1738
69	100	1120	812	1228	1346	1128	700	354	406	1010	1132	700	808	690
69	1000	126	108	390	204	270	100	0	0	400	600	34	200	200
69	10000	100	100	0	100	0	100	0	0	400	600	0	200	200
70	1	2148	2088	2112	2134	2200	2134	2134	2168	2180	2080	2076	2098	2076
70	10	1954	1766	2020	2084	1956	1742	1658	1760	2000	2020	1774	1852	1692
70	100	1044	892	1502	1262	1226	730	300	392	1232	1156	644	864	788
70	1000	120	114	268	338	360	16	0	2	600	506	106	102	32
70	10000	100	100	0	100	0	0	0	0	600	500	100	100	0
71	1	2172	2230	2096	2124	2112	2198	2048	2156	2090	2146	2074	2100	2194
71	10	2016	1744	1882	2002	1968	1834	1652	1704	1882	1996	1674	1880	1788
71	100	1038	906	1330	1342	1144	826	414	374	1180	1230	636	666	780
71	1000	112	62	444	222	394	100	6	6	300	400	100	102	100
71	10000	0	0	0	0	100	0	0	0	300	400	100	100	100
72	1	2194	2170	2128	2162	2132	2078	1918	2228	2016	2108	2078	2058	1980
72	10	2070	1652	1984	2028	1996	1666	1552	1646	1798	1892	1824	1784	1708
72	100	1110	842	1224	1312	1144	768	310	358	1188	1030	712	844	766
72	1000	122	52	484	414	288	14	2	4	700	600	24	26	102
72	10000	100	0	0	0	0	0	0	0	500	600	0	0	100
73	1	2080	2108	2170	1992	2128	1974	2048	2092	2104	2124	2170	2000	2194
73	10	1962	1620	1950	1868	1928	1668	1566	1718	1978	1956	1886	1772	1790
73	100	1018	822	1244	1180	1478	702	466	420	1136	1098	634	772	760
73	1000	82	106	342	272	264	4	0	0	680	700	200	100	200
73	10000	0	100	0	100	0	0	0	0	600	700	200	100	200
74	1	1962	2126	2078	2174	2040	1986	2080	2118	1932	2234	2124	2144	2118
74	10	1762	1750	2026	1978	1948	1732	1672	1606	1884	2152	1710	1786	1712
74	100	972	892	1144	1352	1216	726	372	366	1096	1376	710	820	654
74	1000	140	110	188	392	244	102	0	2	400	600	100	200	28
74	10000	100	100	0	100	100	100	0	0	400	600	100	200	0
75	1	2122	2146	2088	2178	2074	2116	2002	2156	2084	2048	2032	2098	2154
75	10	1890	1626	2074	1936	1822	1786	1726	1692	1950	1912	1714	1802	1744
75	100	1110	868	1200	1414	1466	824	358	306	1280	1104	708	654	782
75	1000	106	76	296	234	200	18	4	0	500	300	24	24	24
75	10000	0	0	0	0	0	0	0	0	500	300	0	0	0
76	1	2160	2094	2182	2056	2052	2080	2114	2014	2108	2120	2162	2190	2002
76	10	1894	1756	2040	2054	1962	1820	1666	1630	1926	2060	1668	1800	1690
76	100	970	848	1132	1234	1302	720	336	412	986	1234	722	830	692
76	1000	90	110	278	184	376	100	8	2	600	416	8	18	102
76	10000	0	100	0	0	100	100	0	0	600	400	0	0	100
77	1	2200	2180	2168	2182	2084	2098	2110	2080	1928	2130	1944	2136	2120
77	10	2002	1800	2016	2038	1964	1842	1684	1684	1816	2008	1742	1856	1778
77	100	1126	858	1174	1294	1250	794	430	452	1072	1248	758	946	640
77	1000	126	300	216	244	260	12	18	12	300	600	200	22	14
77	10000	100	300	0	100	0	0	0	0	300	600	200	0	0
78	1	2138	2120	2098	2140	2044	2118	2076	2084	2094	2154	1964	2118	2062
78	10	1946	1786	1954	2040	1928	1878	1674	1700	1880	2020	1748	1792	1760
78	100	976	868	1292	1296	1216	736	358	444	1094	1386	748	834	728
78	1000	130	108	266	308	340	100	100	0	600	500	44	20	100
78	10000	100	100	0	0	0	12	100	0	600	500	0	0	100
79	1	2134	2106	2094	2118	2102	2236	2082	2114	2100	2114	2142	2174	2210
79	10	1922	1824	1996	2044	1956	1864	1648	1742	1788	2026	1716	1932	1740
79	100	1030	888	1306	1270	1472	814	378	526	992	1196	700	682	658
79	1000	102	200	178	208	260	100	4	100	500	700	300	38	102
79	10000	0	200	0	0	0	100	0	100	500	700	300	0	100
80	1	2040	2104	2098	2122	2174	2190	2100	2104	2070	2124	2132	1920	2062
80	10	1894	1706	1944	1952	2024	1840	1744	1654	1926	2058	1842	1732	1660
80	100	960	826	1322	1264	1402	682	352	474	920	1332	622	724	604
80	1000	98	108	348	230	300	100	0	0	600	506	200	102	100
80	10000	0	100	100	100	0	100	0	0	600	500	200	100	100
81	1	2160	2076	2176	2102	2122	2128	2090	2168	2184	2188	2180	2112	2008
81	10	1980	1708	2086	2016	1918	1716	1670	1706	1922	2008	1770	1798	1718
81	100	1062	830	1362	1464	1244	718	372	356	1332	1146	746	772	700
81	1000	116	100	354	192	328	24	2	0	512	600	200	102	34
81	10000	0	100	0	100	0	0	0	0	500	500	200	100	0
82	1	2134	2158	2154	2128	2074	2062	2210	2056	2082	2014	2022	2182	2086
82	10	1972	1764	1984	1958	1992	1648	1830	1734	1880	1936	1812	1866	1744
82	100	1120	820	1248	1434	1322	644	470	354	1152	1176	720	716	728
82	1000	120	40	218	242	306	16	0	2	500	206	24	26	100
82	10000	100	0	100	0	0	0	0	0	500	200	0	0	100
83	1	2168	2098	2148	2138	2226	2072	2078	2088	2088	2056	2048	2080	2132
83	10	1966	1748	2136	1990	1994	1836	1696	1614	1734	1946	1734	1852	1740
83	100	1002	806	1112	1234	1228	714	366	298	902	1136	884	708	782
83	1000	134	106	158	184	286	20	0	8	500	300	104	300	200
83	10000	100	100	0	100	0	0	0	0	500	300	100	300	200
84	1	2074	2124	2090	2102	2114	2044	2134	2086	2150	2108	2142	2142	2184
84	10	1890	1620	2016	2100	1944	1762	1846	1732	1962	1962	1842	1786	1772
84	100	1048	850	1306	1258	1144	790	452	330	1080	1306	688	862	750
84	1000	86	104	472	210	334	100	4	0	400	700	104	200	104
84	10000	0	100	100	0	0	0	0	0	300	700	100	200	100
85	1	2166	2030	2152	2124	2072	2154	2078	2070	2162	2172	2124	2090	2130
85	10	1992	1614	2062	1986	1946	1888	1556	1662	1954	1836	1820	1882	1754
85	100	1108	922	1340	1322	1238	804	378	374	1008	1096	654	678	708
85	1000	116	114	202	490	302	100	4	4	200	300	14	200	10
85	10000	100	100	100	0	0	0	0	0	200	300	0	200	0
86	1	2022	2056	2094	2136	2028	2104	2054	2138	2038	2148	2102	1990	2124
86	10	1934	1778	2074	1998	1886	1830	1588	1736	1922	1888	1820	1828	1762
86	100	1074	814	1390	1496	1334	752	418	394	1054	1232	856	810	736
86	1000	116	112	278	196	286	100	0	4	600	400	104	16	34
86	10000	100	100	0	100	0	0	0	0	500	400	100	0	0
87	1	1994	2046	2014	2108	2094	2118	2130	2162	2036	2200	2062	2108	2078
87	10	1904	1690	1974	2006	1964	1766	1790	1660	1892	1850	1860	1764	1770
87	100	1034	766	1310	1318	1258	690	364	362	1108	1330	806	826	690
87	1000	124	110	242	154	264	22	0	2	400	600	38	100	200
87	10000	100	100	100	100	0	0	0	0	400	600	0	100	200
88	1	2144	2086	2206	2112	2184	2100	2102	2098	2182	2160	2054	2086	2104
88	10	1906	1652	2022	1892	1898	1824	1594	1638	1932	2066	1802	1886	1710
88	100	1034	790	1356	1416	1178	570	390	354	1062	1232	716	828	712
88	1000	116	42	280	218	238	100	6	12	600	400	36	22	12
88	10000	100	0	0	100	0	100	0	0	500	400	0	0	0
89	1	2158	2086	2158	2088	2128	2054	2132	2002	2180	2128	2124	2162	2148
89	10	2024	1774	2060	2088	2104	1768	1684	1472	1900	1924	1828	1706	1784
89	100	1008	842	1204	1378	1386	584	392	342	1044	1174	778	798	730
89	1000	70	200	196	256	292	26	2	100	500	712	102	200	104
89	10000	0	200	0	0	0	0	0	100	500	600	100	200	100
90	1	2068	2142	2142	2188	2160	2118	2080	2126	2076	2124	2140	1946	2178
90	10	1892	1722	2086	1784	1946	1702	1668	1698	1954	1872	1810	1838	1792
90	100	1038	802	1398	1276	1268	670	300	388	1118	1222	654	856	788
90	1000	118	106	298	218	302	10	2	2	600	500	102	38	102
90	10000	100	100	0	0	0	0	0	0	500	500	100	0	100
91	1	2128	2136	2032	2058	2100	2162	2044	2150	2114	2142	2118	2180	2108
91	10	1960	1676	1946	1916	1988	1890	1586	1624	1946	1876	1834	1854	1846
91	100	1028	750	1384	1520	1120	764	392	350	1114	1248	752	796	722
91	1000	210	118	186	354	342	16	6	2	600	500	200	200	200
91	10000	200	100	0	100	100	0	0	0	600	500	200	200	200
92	1	2144	2120	2182	2128	2180	2186	2088	2106	2224	2072	2172	2086	2122
92	10	2034	1808	1972	2074	2046	1792	1726	1588	2040	1926	1878	1790	1702
92	100	1124	860	1256	1406	1276	634	444	316	1006	1178	808	722	722
92	1000	74	114	430	174	268	4	0	6	400	500	102	200	100
92	10000	0	100	0	0	0	0	0	0	400	500	100	200	100
93	1	2122	2108	2228	2130	2060	2214	2068	2114	2178	2082	1940	2020	2170
93	10	1900	1762	2120	2024	1992	1846	1678	1666	1926	1832	1766	1726	1828
93	100	1070	956	1224	1332	1260	720	364	392	1146	1122	738	774	704
93	1000	132	76	256	292	332	14	0	4	300	900	300	22	24
93	10000	100	0	100	0	0	0	0	0	300	900	300	0	0
94	1	2206	2036	2116	2134	2168	2066	2152	2110	2096	1956	2214	2096	2128
94	10	2008	1568	1980	2020	2024	1680	1760	1676	1934	1930	1932	1754	1768
94	100	1156	820	1358	1238	1258	762	364	340	1042	1280	662	730	776
94	1000	126	200	212	188	232	28	24	0	300	600	104	12	32
94	10000	100	200	0	100	0	0	0	0	300	600	100	0	0
95	1	2136	2062	2018	2064	2164	2148	2100	2078	2050	2010	2020	2164	2084
95	10	1990	1738	1970	2026	1982	1732	1750	1664	1836	1996	1680	1888	1698
95	100	1014	908	1346	1336	1234	702	434	376	1080	1548	618	770	720
95	1000	128	58	238	202	256	16	4	100	400	600	16	102	100
95	10000	100	0	0	0	0	0	0	100	400	600	0	100	100
96	1	2134	2126	2116	2136	2158	2134	2152	2152	2106	2070	2002	2050	2190
96	10	1978	1702	2004	2050	2038	1738	1608	1662	1934	1966	1752	1728	1814
96	100	1052	810	1234	1368	1384	614	344	390	1050	1338	690	682	662
96	1000	102	110	344	200	382	100	100	100	400	622	102	34	102
96	10000	0	100	100	0	0	100	100	0	400	600	100	0	100
97	1	2078	2080	2082	2114	2026	2040	2102	2118	1880	2180	2112	2152	2064
97	10	1872	1716	2026	1978	1890	1734	1704	1762	1866	2082	1702	1748	1724
97	100	1040	736	1162	1284	1184	602	474	404	1138	1300	770	700	710
97	1000	120	110	278	196	242	18	6	100	600	500	32	200	14
97	10000	100	100	0	100	100	0	0	100	600	400	0	200	0
98	1	2148	2152	2108	2156	2058	2196	2098	2102	2080	2120	2184	1954	2172
98	10	2016	1606	2012	2046	1848	1894	1642	1720	1930	1854	1806	1762	1866
98	100	1080	848	1372	1198	1396	782	404	372	1060	1216	742	714	646
98	1000	134	64	248	310	284	22	2	4	500	220	28	100	24
98	10000	100	0	100	100	0	0	0	0	500	200	0	100	0
99	1	2220	2134	2136	2154	2146	2010	2096	2074	2108	2080	2134	2086	2154
99	10	2018	1728	2010	2046	2006	1758	1684	1530	1928	1864	1834	1818	1734
99	100	1030	868	1192	1286	1230	710	450	392	1048	1292	736	708	710
99	1000	132	110	240	240	236	100	100	0	400	400	50	40	104
99	10000	100	100	0	100	100	100	0	0	400	400	0	0	100
100	1	2114	2096	2104	1946	2146	2094	2026	2114	2122	2162	2136	2018	2054
100	10	1964	1844	1874	1920	2004	1738	1672	1700	1956	1964	1672	1830	1722
100	100	1002	914	1244	1168	1252	692	272	410	1142	1300	670	778	754
100	1000	122	200	454	614	304	100	2	100	500	224	104	28	102
100	10000	100	200	100	100	0	100	0	100	500	100	100	0	100
